0.00000000099999999995 0.00000000099999999995 0.00000000099999999995 0.88321494690703505892 0.06260956476446788432 0.05417548532849704446 
0.00000000099999999996 0.00000000099999999996 0.00000000099999999996 0.99999999499999991937 0.00000000099999999996 0.00000000099999999996 
0.00000000099999999997 0.02850157092546599241 0.00000000099999999997 0.88411785989045632572 0.01858435659909072474 0.06879621058498699981 
0.01251435825403821728 0.00000000099999999996 0.00000000099999999996 0.95792481999357259603 0.00000000099999999996 0.02956081875238926460 
0.00000000099999999994 0.00000000099999999994 0.00000000099999999994 0.88461132528630270766 0.08606068530954977258 0.02932798640414745889 
0.00000000099999999998 0.01755548221444607621 0.00000000099999999998 0.97508959605092648815 0.00150091101476693372 0.00585400871986068577 
0.00000150289873761859 0.00614595345572766655 0.00000000099999999997 0.93636086176807931114 0.03937366952275565130 0.01811801135469976592 
0.02236701990607602511 0.00516302203813667586 0.00000000099999999997 0.80509446652563698699 0.14456841116314556039 0.02280707936700476779 
0.00000000099999999998 0.02516692681626867337 0.00000000099999999998 0.96699651274882858498 0.00000000099999999998 0.00783655743490272241 
0.01028495556732462145 0.00000000099999999998 0.00000000099999999998 0.94386789421799521804 0.02441791883409292693 0.02142922938058730575 
0.00000000099999999994 0.00000000099999999994 0.00000000099999999994 0.76554374845877037892 0.21974675313130145882 0.01470949540992802160 
0.00000000099999999990 0.00000000099999999990 0.99999999499999991937 0.00000000099999999990 0.00000000099999999990 0.00000000099999999990 
0.99999999500000014141 0.00000000099999999974 0.00000000099999999974 0.00000000099999999974 0.00000000099999999974 0.00000000099999999974 
0.00000000099999999994 0.00809493676944837703 0.00000000099999999994 0.97279933392450479435 0.00000225444747905150 0.01910347285856785204 
0.00939894430668654184 0.00000000099999999993 0.99060105169331347241 0.00000000099999999993 0.00000000099999999993 0.00000000099999999993 
0.00000000099999999996 0.02230147669143921207 0.00000000099999999996 0.88367975222747252584 0.03456240037010770150 0.05945636871098040899 
0.00000000099999999997 0.03176969995357187271 0.00000000099999999997 0.95185195412042744589 0.00005349420606662360 0.01632484971993408002 
0.00000000099999999996 0.04413777161325415505 0.00000000099999999996 0.94670070962891972322 0.00237986848770974872 0.00678164827011639663 
0.00000000099999999954 0.00000000099999999954 0.00000000099999999954 0.00000000099999999954 0.00000000099999999954 0.99999999500000003039 
0.00000000099999999995 0.01884604930449737537 0.00000000099999999995 0.98115394669550271001 0.00000000099999999995 0.00000000099999999995 
0.00000000099999999992 0.00000000099999999992 0.99999999499999991937 0.00000000099999999992 0.00000000099999999992 0.00000000099999999992 
0.00000000099999999999 0.06000796758032334033 0.00004967997543171776 0.81342312873632283132 0.04630495109233745410 0.08021427161558458696 
0.00884723399586532892 0.02711157259279458817 0.00000000099999999998 0.88848719169883694224 0.01572295643049161432 0.05983104428201144187 
0.00000000099999999997 0.01717506207072231131 0.00000000099999999997 0.94294164307891725763 0.00504654355582753733 0.03483674929453296765 
0.00112955461548079725 0.00000000099999999997 0.00000000099999999997 0.94533933903628220019 0.00000000099999999997 0.05353110334823699135 
0.00000000099999999997 0.00232909669000737254 0.00000000099999999997 0.98974070757731580361 0.00000000099999999997 0.00793019273267692691 
0.00000000099999999997 0.00000000931928457933 0.00000000099999999997 0.95625769238217173118 0.03213137390561431050 0.01161092239292927687 
0.00450107671652925836 0.06003561809435321861 0.01190799020227832801 0.91151315043136471594 0.00670665338062053328 0.00533551117485399698 
0.00000000099999999997 0.00000000099999999997 0.00000000099999999997 0.93206571464633569679 0.06207386667488995480 0.00586041567877425978 
0.01127886699247793688 0.02477173353192634042 0.01908630462755714352 0.90215174516120499870 0.02476606975246316983 0.01794527993437034646 
0.00000000099999999951 0.00000000099999999951 0.00000000099999999951 0.00000000099999999951 0.00000000099999999951 0.99999999499999991937 
0.00000000099999999996 0.04109734688519710993 0.00000000099999999996 0.86814065960514896769 0.02153543615691563134 0.06922655535273834759 
0.00369725280850283613 0.00000359056188737356 0.00000000099999999998 0.92810614575814520677 0.04103036228565917765 0.02716264758580538494 
0.00000000099999999998 0.00000000099999999998 0.00000000099999999998 0.95966382760809554320 0.02750904299339093986 0.01282712639851347688 
0.00514958426405368215 0.00543662695080127188 0.00000000099999999997 0.98090870560444975990 0.00000000099999999997 0.00850508118069537473 
0.00000000099999999997 0.00000000099999999997 0.89153347553461015362 0.00000000099999999997 0.10846652046538979297 0.00000000099999999997 
0.00000000099999999997 0.00000000099999999997 0.00000000099999999997 0.96863214866241542644 0.00865537523111379811 0.02271247310647067988 
0.00000000099999999997 0.04151781391973476815 0.00000000099999999997 0.90048346523892852655 0.03135319720014574651 0.02664552164119093555 
0.00000000099999999997 0.75698031622072248226 0.00000000099999999997 0.24301967977927754760 0.00000000099999999997 0.00000000099999999997 
0.00869902458205103028 0.03426167329061494821 0.00000000100000000000 0.88009729451190088501 0.00000659756110242321 0.07693540905433071675 
0.00000000099999999997 0.00597943340076815318 0.00000000099999999997 0.63493683097627928724 0.35908373262295251171 0.00000000099999999997 
0.00000000099999999989 0.00000000099999999989 0.99999999500000003039 0.00000000099999999989 0.00000000099999999989 0.00000000099999999989 
0.00000000099999999995 0.00000000099999999995 0.00000000099999999995 0.97841587915046857038 0.00946288053105745312 0.01212123731847379246 
0.00348210675185950218 0.03246536978464723694 0.00000000099999999999 0.88150451324035838940 0.00000000099999999999 0.08254800822313491937 
0.01341371839483688350 0.00000000099999999999 0.97740134490921504185 0.00000014202423035260 0.00000000099999999999 0.00918479267171778274 
0.00000000099999999998 0.03029055756338995889 0.00000000099999999998 0.95365762777541340789 0.01590419810832325448 0.00014761455287329740 
0.00000000099999999991 0.00000000099999999991 0.00000000099999999991 0.00000000099999999991 0.99999999500000003039 0.00000000099999999991 
0.00301763857285362652 0.02486859828480456752 0.00000000099999999997 0.97211306858616508553 0.00000000206037750512 0.00000069149579916003 
0.01135654721697987660 0.02334523399720582135 0.00000000099999999998 0.91165736875274838713 0.01094115550759321501 0.04269969352547268310 
0.00000000099999999997 0.00000000099999999997 0.00000000099999999997 0.87069240769044276007 0.08450033935695686060 0.04480724995260044335 
0.00000000099999999990 0.99999999500000003039 0.00000000099999999990 0.00000000099999999990 0.00000000099999999990 0.00000000099999999990 
0.00000000099999999995 0.01126497129576156143 0.00000000099999999995 0.96239707626159542997 0.00000000099999999995 0.02633794944264306048 
0.00000000099999999994 0.01460836712304663595 0.00000000099999999994 0.82934985673372774162 0.12443507405117501530 0.03160670009205078512 
0.00000000099999999996 0.00532037745267863096 0.00000000099999999996 0.89983370415988295221 0.09440050765068959404 0.00044540873674881132 
0.00000000099999999996 0.02394584541261225719 0.00000000099999999996 0.89412713938788013213 0.00675423834711450996 0.07517277485239298729 
0.00713126274905493632 0.02224614988554545272 0.00000000099999999999 0.85162693745244066879 0.06472422181614402581 0.05427142709681496979 
0.00000000099999999998 0.02403781968027450533 0.00000000099999999998 0.92990725538150087459 0.01271206583076655086 0.03334285710745814313 
0.00000000099999999996 0.04693782742901940475 0.00000000099999999996 0.93628601616817075382 0.00000000099999999996 0.01677615340280988465 
0.00947816085701505377 0.00000000099999999997 0.00000000099999999997 0.79967242048098763352 0.15510247853251071803 0.03574693812948657318 
0.00000000099999999997 0.00494221989470296653 0.00000000099999999997 0.95339118010355483612 0.00000000099999999997 0.04166659700174210612 
0.00000000099999999997 0.00000000099999999997 0.00000000099999999997 0.97375007335429242250 0.00411422680461413261 0.02213569684109358698 
0.00000000099999999997 0.02909627275046120648 0.00000000099999999997 0.90973415081415964778 0.01204847786414416956 0.04912109657123499978 
0.01296019315260066827 0.00846543218802773591 0.00673593635684352314 0.91114641640413307488 0.03117595740005470184 0.02951606449834013809 
0.99999999500000014141 0.00000000099999999961 0.00000000099999999961 0.00000000099999999961 0.00000000099999999961 0.00000000099999999961 
0.00000000099999999996 0.00000000099999999996 0.00000000099999999996 0.91286253555815533023 0.04877931134524715606 0.03835815009659750835 
0.00000000099999999998 0.00000000099999999998 0.00000000099999999998 0.93277228776280385336 0.06368375170465791213 0.00354395753253813851 
0.00000000099999999999 0.03982388484358218711 0.01664597122976627444 0.82760171588635611517 0.10324185107098840519 0.01268657596930695096 
0.00000000099999999997 0.01852742321806941789 0.00000000099999999997 0.95759335305122472715 0.01036512162917616053 0.01351410010152971804 
0.00566302791822898086 0.00000201384971976998 0.00000000099999999997 0.94485340518926019815 0.01117717255961218903 0.03830437948317894081 
0.00216165582662348294 0.00000000099999999997 0.99783834017337647015 0.00000000099999999997 0.00000000099999999997 0.00000000099999999997 
0.00000000099999999986 0.00000000099999999986 0.99999999500000003039 0.00000000099999999986 0.00000000099999999986 0.00000000099999999986 
0.00589167038538968534 0.00540614676404441424 0.00000000099999999998 0.93206381900148016495 0.01906580476800710799 0.03757255808107849010 
0.01075038005568249196 0.06325424297513417005 0.00000000099999999997 0.89369811171033075592 0.00382687233433811778 0.02847039192451445225 
0.00000000099999999999 0.00081766197958623636 0.00000000099999999999 0.94981704732931182544 0.00299845844509731736 0.04636683024600466579 
0.00000000099999999996 0.00000000099999999996 0.00000000099999999996 0.95352782800657154283 0.02887078486023142779 0.01760138413319707953 
0.00000000099999999994 0.00000000099999999994 0.00000000099999999994 0.91245546632005913867 0.01875261347254950431 0.06879191720739123717 
0.00000000099999999997 0.02239294155982094955 0.00000000099999999997 0.92831515038858969380 0.03741927845038153788 0.01187262760120789788 
0.00000000099999999998 0.00000013802527717362 0.00000000099999999998 0.95738629729894941800 0.00000000099999999998 0.04261356167577344534 
0.00661263409650115260 0.01036528915204313304 0.00000000099999999998 0.91220918002518980305 0.00000000099999999998 0.07081289472626588199 
0.00000000099999999996 0.00000000099999999996 0.00000000099999999996 0.99055581079081267415 0.00001358254579271262 0.00943060366339446877 
0.00000000099999999995 0.00000000099999999995 0.00000000099999999995 0.94697194224221015180 0.02654221544805512520 0.02648583930973463438 
0.00000000099999999996 0.00000011681713272261 0.00000000099999999996 0.92848875872209091220 0.03260313319558101608 0.03890798926519548756 
0.00770693930841077120 0.02266426214827153493 0.00000000099999999997 0.94630828816623757671 0.02290345315215275290 0.00041705622492736716 
0.00000000099999999996 0.01280788166790500400 0.00000000099999999996 0.96394687496757425205 0.02113533536447924355 0.00210990600004155177 
0.00000000099999999998 0.02775129333707694601 0.00000000099999999998 0.88460380163381480134 0.04527216886705744819 0.04237273416205069448 
0.00000000099999999997 0.01463201431639217509 0.00000000099999999997 0.89285638818782142589 0.05156493638011364067 0.04094665911567273858 
0.00000000099999999997 0.01424786352993957957 0.00000000099999999997 0.93752119145788015420 0.02491573856583360544 0.02331520444634664624 
0.00000000099999999996 0.00000040281328247522 0.00000000099999999996 0.90077644716002391867 0.00000000099999999996 0.09922314702669360331 
0.00183312381285608158 0.01163911488993586880 0.00000000099999999997 0.96087119363054651622 0.00563781642879619162 0.02001875023786531607 
0.00089808332609169470 0.00000000099999999999 0.00000000099999999999 0.91700001416753729178 0.04864236181116909224 0.03345953869520199020 
0.00000000099999999997 0.00000000350751227773 0.00000000099999999997 0.88660618205679586623 0.03520413623537641673 0.07818967620031543053 
0.00637637973289545499 0.00000000099999999993 0.99362361626710460349 0.00000000099999999993 0.00000000099999999993 0.00000000099999999993 
0.00000000099999999995 0.00398702643734690290 0.00000000099999999995 0.90603534174342370555 0.01063380827053823571 0.07934382154869111525 
0.00000000099999999997 0.01572930522856964483 0.00000000099999999997 0.87660809718951837599 0.01179874659347393551 0.09586384898843804125 
0.00000000099999999998 0.01252318141718818806 0.00000000099999999998 0.89504616441257767168 0.00000000099999999998 0.09243065117023427368 
0.01778812392462043521 0.00008851129389967830 0.00000000099999999999 0.90683379460688173790 0.00000000099999999999 0.07528956817459821205 
0.00000000099999999996 0.00000000099999999996 0.00000000099999999996 0.92719461458329432979 0.00000000099999999996 0.07280538141670581109 
0.00000000099999999998 0.04527678353393502220 0.00000000099999999998 0.89657319583281336328 0.04780234628569770411 0.01034767234755375014 
0.00000000099999999997 0.00452832321575607957 0.00000000099999999997 0.97944838657499133650 0.00000043955263334720 0.01602284865661927904 
0.48358571396364785633 0.00000000099999999996 0.51641428203635209027 0.00000000099999999996 0.00000000099999999996 0.00000000099999999996 
0.00000001400892781714 0.00000006725304804156 0.00000000099999999999 0.99608937675682662771 0.00000000099999999999 0.00391053998119742733 
0.00000000099999999996 0.00000000099999999996 0.00000000099999999996 0.93642375186940007836 0.04762103616376694992 0.01595520896683292472 
0.00000000099999999997 0.00667782812997566415 0.00000000099999999997 0.97851425913429956882 0.01480790973572467320 0.00000000099999999997 
0.02235709488805879760 0.05389573610341145266 0.00722556224357953115 0.86411719005245146707 0.01721146532551163372 0.03519295138698710912 
0.00000000099999999996 0.00356552920988035572 0.00000000099999999996 0.97398393381281533898 0.00000000099999999996 0.02245053397730429126 
0.00000000099999999995 0.04951193428319066586 0.00000000099999999995 0.89218395033007147354 0.00750790731059382439 0.05079620607614396960 
0.00000000099999999997 0.00871509093405098238 0.00000000099999999997 0.93416325342685091471 0.05176141474880250476 0.00536023889029556191 
0.00000000099999999996 0.00000000099999999996 0.00000000099999999996 0.95192122747205853983 0.03341827735706577596 0.01466049217087565630 
0.00000000099999999997 0.00003538335925477064 0.00000000099999999997 0.99996461264074520958 0.00000000099999999997 0.00000000099999999997 
0.01757864663269221445 0.12025037539160031430 0.02555286662666244810 0.75247141759078106649 0.06650782961919723957 0.01763886413906677261 
0.00189755333064803560 0.01386879835769641925 0.00000000099999999998 0.96399239385385959711 0.00000000099999999998 0.02024125245779610088 
0.00000000099999999993 0.00000000099999999993 0.99999999500000003039 0.00000000099999999993 0.00000000099999999993 0.00000000099999999993 
0.00000000099999999984 0.99999999500000014141 0.00000000099999999984 0.00000000099999999984 0.00000000099999999984 0.00000000099999999984 
0.00000000099999999988 0.00000000099999999988 0.99999999500000003039 0.00000000099999999988 0.00000000099999999988 0.00000000099999999988 
0.00000000099999999984 0.99999999500000014141 0.00000000099999999984 0.00000000099999999984 0.00000000099999999984 0.00000000099999999984 
0.00000000099999999997 0.02075410792856029543 0.00000000099999999997 0.67747137508034827036 0.27092562036702694250 0.03084889462406446500 
0.04057388511768390826 0.00000000099999999997 0.95942611088231621874 0.00000000099999999997 0.00000000099999999997 0.00000000099999999997 
0.00000000099999999992 0.00000000099999999992 0.99999999499999991937 0.00000000099999999992 0.00000000099999999992 0.00000000099999999992 
0.00000000099999999991 0.00000000099999999991 0.99999999499999991937 0.00000000099999999991 0.00000000099999999991 0.00000000099999999991 
0.00000000099999999994 0.00000000099999999994 0.99999999499999991937 0.00000000099999999994 0.00000000099999999994 0.00000000099999999994 
0.00000000099999999994 0.00000000099999999994 0.99999999499999991937 0.00000000099999999994 0.00000000099999999994 0.00000000099999999994 
0.01738179209135175610 0.11706336401598431418 0.78246769126644410974 0.00000000099999999998 0.08308715062621967185 0.00000000099999999998 
0.00000000099999999983 0.00000000099999999983 0.99999999500000003039 0.00000000099999999983 0.00000000099999999983 0.00000000099999999983 
0.00000000099999999985 0.99999999500000003039 0.00000000099999999985 0.00000000099999999985 0.00000000099999999985 0.00000000099999999985 
0.00000000099999999994 0.00000000099999999994 0.99999999500000003039 0.00000000099999999994 0.00000000099999999994 0.00000000099999999994 
0.00380871705615651356 0.00000000099999999997 0.99619127894384351674 0.00000000099999999997 0.00000000099999999997 0.00000000099999999997 
0.00000000099999999991 0.00000000099999999991 0.99999999500000003039 0.00000000099999999991 0.00000000099999999991 0.00000000099999999991 
0.00000000099999999984 0.99999999500000014141 0.00000000099999999984 0.00000000099999999984 0.00000000099999999984 0.00000000099999999984 
0.00000000099999999995 0.08046284692301922115 0.91953714907698080872 0.00000000099999999995 0.00000000099999999995 0.00000000099999999995 
0.00757597357876120883 0.00000000099999999990 0.99242402242123872735 0.00000000099999999990 0.00000000099999999990 0.00000000099999999990 
0.00000000099999999993 0.99999999500000014141 0.00000000099999999993 0.00000000099999999993 0.00000000099999999993 0.00000000099999999993 
0.00000000099999999996 0.05901121453510383558 0.00000000099999999996 0.93929211373036469723 0.00169666873453139721 0.00000000099999999996 
0.00000000099999999997 0.00374338044509498272 0.00000000099999999997 0.84034768831222061980 0.15590892824268429151 0.00000000099999999997 
0.00000000099999999998 0.01199699657908771637 0.00000000099999999998 0.92472131449595196262 0.05424769755123613063 0.00903398937372405439 
0.00000000099999999985 0.00000000099999999985 0.00000000099999999985 0.00000000099999999985 0.99999999500000003039 0.00000000099999999985 
0.00000000099999999991 0.00000000099999999991 0.99999999500000003039 0.00000000099999999991 0.00000000099999999991 0.00000000099999999991 
0.00000000099999999989 0.85139112486554058279 0.00000000099999999989 0.00000000099999999989 0.14860887113445936381 0.00000000099999999989 
0.00000000099999999998 0.03100676718861393108 0.00000000099999999998 0.81694320468620040820 0.14430980099946605355 0.00774022512571967761 
0.00000000099999999994 0.00000000099999999994 0.00000000099999999994 0.70659654884561340360 0.29329172999626967888 0.00011171815811683434 
0.00000000099999999986 0.80438049673213540824 0.00000000099999999986 0.00000000099999999986 0.19561949926786453835 0.00000000099999999986 
0.00000000099999999988 0.99999999500000014141 0.00000000099999999988 0.00000000099999999988 0.00000000099999999988 0.00000000099999999988 
0.00000000099999999986 0.00000000099999999986 0.99999999499999991937 0.00000000099999999986 0.00000000099999999986 0.00000000099999999986 
0.00000000099999999996 0.01435727535370127581 0.00000000099999999996 0.79084257614797992542 0.10723014646079619128 0.08757000003752267447 
0.01079935878957983229 0.00000000099999999996 0.98920063721042028604 0.00000000099999999996 0.00000000099999999996 0.00000000099999999996 
0.00000000099999999998 0.04807594529986945059 0.00000000099999999998 0.83778414059393802038 0.08426399749888541235 0.02987591460730723222 
0.00000000099999999994 0.00000000099999999994 0.99999999500000003039 0.00000000099999999994 0.00000000099999999994 0.00000000099999999994 
0.00000000099999999981 0.99999999500000014141 0.00000000099999999981 0.00000000099999999981 0.00000000099999999981 0.00000000099999999981 
0.00647096038526009682 0.02346866455137049806 0.00000000099999999998 0.90316560075561158616 0.03984649741452322980 0.02704827589323458362 
0.00000000099999999986 0.00000000099999999986 0.99999999499999991937 0.00000000099999999986 0.00000000099999999986 0.00000000099999999986 
0.00000000099999999985 0.00000000099999999985 0.99999999500000003039 0.00000000099999999985 0.00000000099999999985 0.00000000099999999985 
0.00000000099999999996 0.00000000099999999996 0.00000000099999999996 0.94828634341787376716 0.04413279320724486365 0.00758086037488127015 
0.00000000099999999996 0.02670772486643511329 0.00000000099999999996 0.89675941209661202969 0.03855869914610711435 0.03797416189084568822 
0.00000000099999999996 0.01120084212405510204 0.00000000099999999996 0.93688310614677305921 0.05191530716183327676 0.00000074256733848777 
0.00000000099999999998 0.02444202115206784570 0.00000000099999999998 0.82139435291096307701 0.10752063217738928869 0.04664299175957975496 
0.00000000099999999988 0.00000000099999999988 0.00000000099999999988 0.00000000099999999988 0.99999999500000003039 0.00000000099999999988 
0.00000000099999999995 0.03506134215820083666 0.00000000099999999995 0.84376045612587191602 0.11774847028829917017 0.00342972942762808774 
0.99999999500000003039 0.00000000099999999972 0.00000000099999999972 0.00000000099999999972 0.00000000099999999972 0.00000000099999999972 
0.00000000099999999988 0.00000000099999999988 0.00000000099999999988 0.00000000099999999988 0.99999999500000003039 0.00000000099999999988 
0.00000000099999999996 0.02239915232237351186 0.00000000099999999996 0.65897913875764735359 0.31862170591997907021 0.00000000099999999996 
0.99999999500000014141 0.00000000099999999984 0.00000000099999999984 0.00000000099999999984 0.00000000099999999984 0.00000000099999999984 
0.99999999500000014141 0.00000000099999999959 0.00000000099999999959 0.00000000099999999959 0.00000000099999999959 0.00000000099999999959 
0.00000000099999999954 0.00000000099999999954 0.00000000099999999954 0.00000000099999999954 0.00000000099999999954 0.99999999500000003039 
0.00500889735991764604 0.02217636953701429200 0.00000000099999999999 0.89892006958535675132 0.07389290972035091054 0.00000175279736040270 
0.00140754306737286600 0.00000000099999999997 0.00000000099999999997 0.91315029098727440449 0.08248673413036773649 0.00295542981498500903 
0.00034396959336691014 0.01608239580733443821 0.00000000099999999999 0.89979140578664840167 0.04743388655519215069 0.03634834125745792927 
0.00112879149232337529 0.02033289061546532037 0.00000000099999999999 0.90074677430625493812 0.03157734760105240096 0.04621419498490390160 
0.00000000099999999998 0.01934155177254903366 0.00000000099999999998 0.91568896186261361514 0.02579469924765038016 0.03917478511718693740 
0.00000000099999999998 0.04128945002048758917 0.00000000099999999998 0.90464808828490139714 0.00036999222644815187 0.05369246746816289106 
0.01323608776583650067 0.00000000099999999998 0.00000000099999999998 0.88391231832245042987 0.10285159091171292012 0.00000000099999999998 
0.00000000099999999996 0.00000000099999999996 0.00000000099999999996 0.91053331661702419098 0.08937026252549887251 0.00009641785747690710 
0.00000000099999999995 0.00000000099999999995 0.00000000099999999995 0.00000000099999999995 0.99999999500000003039 0.00000000099999999995 
0.00000000100000000000 0.02873397200347655583 0.12211507786549177790 0.00000000100000000000 0.40061673367279698743 0.44853421445823477010 
0.00000000099999999997 0.04340524075683657723 0.00000000099999999997 0.79763980215956320485 0.15895495408360024725 0.00000000099999999997 
0.00000000099999999999 0.00000000099999999999 0.29959090354415651714 0.00000000099999999999 0.04014980934685981329 0.66025928410898360177 
0.00701889543036346777 0.03510724161258799159 0.00000000099999999999 0.88350722571822992712 0.04544382714302413334 0.02892280909579449458 
0.00000000099999999997 0.00000000099999999997 0.00000000099999999997 0.82479789658118984885 0.11601169750321831120 0.05919040291559169581 
0.00000000099999999997 0.00278053441928652204 0.00000000099999999997 0.90591578583593523888 0.04862862595175244940 0.04267505179302575474 
0.00000000099999999997 0.02654753308868286130 0.00000000099999999997 0.83774510139682167864 0.10953027422418984416 0.02617708929030571757 
0.00000000099999999996 0.04469472986005706278 0.00000000099999999996 0.91648412969383552529 0.00000000099999999996 0.03882113744610735107 
0.00000000099999999997 0.02863603138163352615 0.00000000099999999997 0.92228330438234684685 0.03727142384463074526 0.01180923839138881860 
0.00000000099999999998 0.02217742023444923757 0.00000000099999999998 0.85805065715422823569 0.07287401881541230586 0.04689790179591027397 
0.48420916346292874888 0.04052218129287071119 0.00000000099999999999 0.43768813089027902574 0.01946807573452125073 0.01811244761940032991 
0.00000000099999999997 0.00000896363484957109 0.00000000099999999997 0.79003008088266157838 0.18125077987413754088 0.02871017360835122212 
0.99999999500000003039 0.00000000099999999976 0.00000000099999999976 0.00000000099999999976 0.00000000099999999976 0.00000000099999999976 
0.00000000099999999996 0.00000000099999999996 0.00000000099999999996 0.92396350926718540109 0.07024294262066793637 0.00579354511214657652 
0.00000000099999999994 0.00000000099999999994 0.00000000099999999994 0.88762955637953644406 0.08724678453954333446 0.02512365608092026817 
0.00000000099999999996 0.04974021862272231392 0.00000000099999999996 0.92912008619470642934 0.00000027831453653155 0.02113941486803462555 
0.00000000720050084936 0.00000000099999999999 0.00000000099999999999 0.88721728401809984987 0.09563278201804009671 0.01714992476335924082 
0.00000000099999999989 0.00000000099999999989 0.00000000099999999989 0.00000000099999999989 0.99999999500000003039 0.00000000099999999989 
0.00000000099999999989 0.00000000099999999989 0.00000000099999999989 0.00000000099999999989 0.99999999500000003039 0.00000000099999999989 
0.03455746826433244573 0.00062336077943205286 0.17040159125002810048 0.00000000748382942520 0.79441756874680291567 0.00000000347557524537 
0.00000000099999999990 0.00000000099999999990 0.00000000099999999990 0.00000000099999999990 0.99999999500000003039 0.00000000099999999990 
0.99999999500000003039 0.00000000099999999965 0.00000000099999999965 0.00000000099999999965 0.00000000099999999965 0.00000000099999999965 
0.00000000099999999987 0.00000000099999999987 0.00000000099999999987 0.00000000099999999987 0.99999999500000003039 0.00000000099999999987 
0.99999999500000014141 0.00000000099999999964 0.00000000099999999964 0.00000000099999999964 0.00000000099999999964 0.00000000099999999964 
0.00000000099999999995 0.02341977653080616270 0.00000000099999999995 0.89006828900715828645 0.07945453119023515587 0.00705740127180036134 
0.00000000099999999997 0.00000000652333798243 0.00000000099999999997 0.91093491280154459400 0.06922895092337771894 0.01983612775173958231 
0.04449513268600695237 0.00000000099999999998 0.00000000099999999998 0.73829001257271009706 0.17138953981461366172 0.04582531292666933154 
0.00000000099999999999 0.03998362170657025066 0.00000000099999999999 0.96001574085099616873 0.00000045443217758875 0.00000018101025611555 
0.00000000099999999998 0.01078930267398846461 0.00000000099999999998 0.91236136428506964258 0.00000000099999999998 0.07684933004094196551 
0.00000000099999999997 0.00000000099999999997 0.00000000099999999997 0.88680520588583089392 0.09714299139902879410 0.01605179971514037948 
0.00000000099999999997 0.01435727534317621408 0.00000000099999999997 0.89191158912237356038 0.09373113253445029824 0.00000000099999999997 
0.00000000099999999996 0.02108522896352997208 0.00000000099999999996 0.92693331225461583767 0.00000000972888261377 0.05198144705297159246 
0.00000000099999999995 0.00000000099999999995 0.00000000099999999995 0.94539350724940163229 0.00033753497553711930 0.05426895477506118309 
0.00000205203812850384 0.00488960612930380845 0.00000000099999999999 0.88282556660485744793 0.08152631739392664223 0.03075645683378372755 
0.00676911842570965608 0.00000000099999999998 0.00000000099999999998 0.93340416349682819863 0.02683150071230379699 0.03299521536515840486 
0.00000000099999999996 0.00000000099999999996 0.00000000099999999996 0.94187476524859647942 0.03642650363160104821 0.02169872811980248090 
0.00000000099999999997 0.00000000698262753099 0.00000000099999999997 0.76840242027073779596 0.21538446261841556750 0.01621310812821912320 
0.00000000099999999998 0.00000000099999999998 0.00000000099999999998 0.00000000099999999998 0.99999999500000003039 0.00000000099999999998 
0.02774138858989711257 0.03503596775938668667 0.28601065859378560496 0.15735984699821353727 0.45829138525231571943 0.03556075280640132175 
0.00000000099999999997 0.00000000099999999997 0.06574308269564273222 0.00000000099999999997 0.93425691330435722826 0.00000000099999999997 
0.00000000099999999997 0.00000000909834392131 0.00000000099999999997 0.93041418111257190304 0.04106760010066106553 0.02851820768842302720 
0.00000000099999999986 0.00000000099999999986 0.00000000099999999986 0.00000000099999999986 0.99999999500000003039 0.00000000099999999986 
0.00000000099999999997 0.01618505440865982900 0.00000000099999999997 0.81079491009771198495 0.12212108559043803602 0.05089894790319024476 
0.00000000099999999999 0.00000000099999999999 0.00000000099999999999 0.92145133826773018004 0.04667088941934072199 0.03187776931292898852 
0.00000000099999999996 0.00000000099999999996 0.00000000099999999996 0.86775139178638127646 0.13224860421361869789 0.00000000099999999996 
0.00000000099999999999 0.00000000099999999999 0.00000000099999999999 0.85830819817594616872 0.11983376344288881876 0.02185803538116502104 
0.00000000099999999997 0.00000000099999999997 0.00000000099999999997 0.86774671434147376825 0.07556268972045551702 0.05669059293807073713 
0.00000000099999999997 0.00830039154416060965 0.00000000099999999997 0.85943953581974608102 0.10120377696007609725 0.03105629367601714375 
0.00732118390895644070 0.04917776078669632012 0.00000000099999999999 0.79499101337207001006 0.09809234394013249814 0.05041769699214480177 
