0.00000000099999999996 0.00964141631910557344 0.99035858168089452302 0.00000000099999999996 
0.00000000099999999997 0.00884822245683143487 0.99115051415151289582 0.00000126239165576316 
0.00000000099999999998 0.03281463799899795447 0.96718536000100208128 0.00000000099999999998 
0.00000000099999999997 0.01097989045909163359 0.97534415425550635703 0.01367595428540201337 
0.00000000099999999995 0.00015213594081196937 0.99984786205918796398 0.00000000099999999995 
0.00000000099999999998 0.04070910897612804030 0.95929088902387193993 0.00000000099999999998 
0.00000000099999999997 0.02662393479406744562 0.97337606232332429812 0.00000000188260817588 
0.00000000099999999997 0.03010537024031115574 0.94577905125151140453 0.02411557750817747495 
0.00000000099999999997 0.03986066056295498039 0.96013933743704504842 0.00000000099999999997 
0.00000000099999999998 0.00000000099999999998 0.99163422724638883299 0.00836577075361112296 
0.00000000099999999996 0.01676292828620217293 0.98323706971379765118 0.00000000099999999996 
0.99999999522885008041 0.00000000099999999995 0.00000000099999999995 0.00000000277114995050 
0.00000000099999999984 0.00000000099999999984 0.00000000099999999984 0.99999999700000008485 
0.00000000099999999993 0.01662169822668105312 0.98337829977331880915 0.00000000099999999993 
0.99126241074428633748 0.00000000099999999996 0.00000000099999999996 0.00873758725571363755 
0.00000000099999999996 0.03493761807377181866 0.96506237992622811994 0.00000000099999999996 
0.00000000099999999997 0.04259259054782323778 0.95740740745217667307 0.00000000099999999997 
0.00000000099999999996 0.06058558713842164545 0.93941441086157828622 0.00000000099999999996 
0.00000000099999999996 0.00000000099999999996 0.99999942658222096270 0.00000057141777887443 
0.00000000099999999996 0.03561439092426185032 0.96438560707573817155 0.00000000099999999996 
0.99999999700000008485 0.00000000099999999996 0.00000000099999999996 0.00000000099999999996 
0.00488855662339586928 0.06274854026171973465 0.93236290211488437318 0.00000000099999999999 
0.00000000099999999998 0.03191746591741805722 0.95812358591462898350 0.00995894716795287654 
0.00000000099999999998 0.02226238156696324147 0.97773761643303669366 0.00000000099999999998 
0.00000000099999999998 0.00000000099999999998 0.99707154591002999933 0.00292845208996983086 
0.00000000099999999997 0.02161055251106305114 0.97838944548893680420 0.00000000099999999997 
0.00000000099999999997 0.01514767407782236473 0.98334501284548181399 0.00150731207669593196 
0.01001893808049481895 0.07956346231981424599 0.90503751250205066725 0.00538008709764023051 
0.00000000099999999998 0.01243020609827918607 0.98756979190172089478 0.00000000099999999998 
0.01938113141857552776 0.03817199662035288682 0.93125668890156654278 0.01119018305950499580 
0.00000000099999999994 0.00000000099999999994 0.99999999699999986280 0.00000000099999999994 
0.00000000099999999996 0.04772765249034359447 0.95227234550965644821 0.00000000099999999996 
0.00000000099999999998 0.01534232595725147294 0.98137003326757032973 0.00328763977517823602 
0.00000000099999999998 0.00001410584382405246 0.99998589215617583736 0.00000000099999999998 
0.00000000099999999997 0.02302854276744753168 0.96978599324858627551 0.00718546298396622457 
0.91154199968268811993 0.07737767436177531155 0.01108032255513988727 0.00000000340039664757 
0.00000000099999999997 0.01305879179580385005 0.98694120620419611978 0.00000000099999999997 
0.00000000099999999997 0.06079619107646647841 0.93920380692353344632 0.00000000099999999997 
0.00000000099999999998 0.77307887277878428733 0.22692112522121568596 0.00000000099999999998 
0.00331472587626972402 0.03928647939162786124 0.94972997672683812098 0.00766881800526421353 
0.00279459485565156139 0.07327392028742797658 0.92393148385692036584 0.00000000099999999999 
0.99999999699999997382 0.00000000099999999994 0.00000000099999999994 0.00000000099999999994 
0.00000000099999999995 0.01208484167247972016 0.98791515632752013865 0.00000000099999999995 
0.00000000099999999999 0.03967014472810222875 0.95769129267946095929 0.00263856159243681422 
0.97760777900584949762 0.00000000099999999999 0.00770888992023666293 0.01468333007391389895 
0.00000000099999999998 0.04288219015641790005 0.95711780784358213570 0.00000000099999999998 
0.00681336212235473127 0.03435495062787649601 0.95880620824603068897 0.00002547900373811005 
0.00000000099999999997 0.03676263710817659347 0.95850903452971680796 0.00472832736210657481 
0.00000000099999999999 0.03241602594711697621 0.95531498932844616245 0.01226898372443681502 
0.00000000099999999998 0.01151432292242819330 0.98848347559493576764 0.00000220048263609749 
0.00000000099999999993 0.99999999699999997382 0.00000000099999999993 0.00000000099999999993 
0.00000000099999999996 0.02688715485091994206 0.97311284314908008675 0.00000000099999999996 
0.00000000099999999995 0.03062034124069577118 0.96937965675930415355 0.00000000099999999995 
0.00000000099999999997 0.03381615563771211974 0.96618384236228782580 0.00000000099999999997 
0.00000000099999999996 0.02722051177094089031 0.97277948622905907605 0.00000000099999999996 
0.00000000099999999999 0.03239888167673984909 0.95995599300229306206 0.00764512432096699831 
0.00000000099999999998 0.03580882812769306534 0.96348726781677729303 0.00070390305552961864 
0.00000000099999999997 0.06153162352203173785 0.93846837447796827014 0.00000000099999999997 
0.00000000099999999997 0.01962555777393292303 0.96867860634904401351 0.01169583487702310909 
0.00000000099999999999 0.00657911118454776542 0.99330442577473054833 0.00011646204072160691 
0.00000000099999999997 0.00000000099999999997 0.99999999699999986280 0.00000000099999999997 
0.00000000099999999997 0.03422362661808033002 0.96577637138191962940 0.00000000099999999997 
0.00736917384902512334 0.02139026291522679035 0.95821489122694980534 0.01302567200879828184 
0.00000000099999999977 0.00000000099999999977 0.00000000099999999977 0.99999999699999997382 
0.00000000099999999997 0.00131578082058996589 0.99868421717941002758 0.00000000099999999997 
0.00000000099999999998 0.01784383418713291272 0.98215616381286707792 0.00000000099999999998 
0.01762106910589842854 0.06451050125278920411 0.91786842864131235054 0.00000000099999999999 
0.00000000099999999997 0.03075966662865482065 0.96924033137134502081 0.00000000099999999997 
0.00000000099999999997 0.00956874092554813906 0.98633580138683152327 0.00409545668762026534 
0.99819365307547114341 0.00000000099999999999 0.00000000099999999999 0.00180634492452896433 
0.99999999699999997382 0.00000000099999999994 0.00000000099999999994 0.00000000099999999994 
0.00000000099999999998 0.00940890171088064851 0.98317522327698114726 0.00741587401213816659 
0.00000000099999999997 0.07531314651072841537 0.91476687978262072320 0.00991997270665089491 
0.00000000099999999999 0.01200948004062944371 0.98667284626801710079 0.00131767269135358678 
0.00000000099999999997 0.00191082863724455665 0.99808916936275549059 0.00000000099999999997 
0.00000000099999999994 0.00000000099999999994 0.99999999699999986280 0.00000000099999999994 
0.00000000099999999997 0.03711699586948485896 0.96288300213051503107 0.00000000099999999997 
0.00000000099999999998 0.01268769111979640464 0.98731230688020354958 0.00000000099999999998 
0.00000000099999999998 0.01475508707523587315 0.97562216407877844215 0.00962274784598579104 
0.00000000099999999997 0.00000420795003905134 0.99999577220291646640 0.00000001884704454281 
0.00000000099999999996 0.00000000099999999996 0.99999999699999986280 0.00000000099999999996 
0.00000000099999999996 0.01319932106135882771 0.98680067693864115252 0.00000000099999999996 
0.00000000099999999997 0.03906266356249379901 0.95281147304059310432 0.00812586239691322904 
0.00000000099999999997 0.03302106592503242788 0.96697893207496765644 0.00000000099999999997 
0.00000000099999999998 0.04247383334335725485 0.95752616465664264211 0.00000000099999999998 
0.00000000099999999997 0.03000218336400814825 0.96999781463599177300 0.00000000099999999997 
0.00000000099999999997 0.02853263437007119360 0.97146736362992869296 0.00000000099999999997 
0.00000000099999999997 0.00147228023834611375 0.99777616283079040294 0.00075155593086355160 
0.00000000099999999997 0.02645915678123712811 0.97038254827034797767 0.00315829394841487263 
0.00000000099999999999 0.00000000099999999999 0.99666141485822246082 0.00333858314177744612 
0.00000000099999999997 0.01102400502340351689 0.98897599297659655182 0.00000000099999999997 
0.99400535428092562373 0.00000000099999999996 0.00000000099999999996 0.00599464371907444671 
0.00000000099999999995 0.00297410927147994785 0.99702588872852004886 0.00000000099999999995 
0.00000000099999999998 0.01488912863378792119 0.98511086936621206078 0.00000000099999999998 
0.00000000099999999998 0.01568289584203233500 0.98431710215796763830 0.00000000099999999998 
0.00045281210096553273 0.00317090950465736664 0.97671140007486811907 0.01966487831950908954 
0.00000000099999999997 0.00000000180904549980 0.99999999619095436554 0.00000000099999999997 
0.00000000099999999998 0.07217693210832419604 0.92782305164372091966 0.00000001524795495752 
0.00000000099999999997 0.01455049332317600794 0.98544950467682401740 0.00000000099999999997 
0.51653207962719482893 0.00000000099999999998 0.00000000099999999998 0.48346791837280517212 
0.00000000099999999999 0.01823772849053708137 0.97903909268200395299 0.00272317782745902341 
0.00000000099999999996 0.00000000099999999996 0.99999999699999986280 0.00000000099999999996 
0.00000000099999999997 0.03175340936380163098 0.96824658863619827986 0.00000000099999999997 
0.00697129545785196529 0.06632865372970715712 0.90360669921902159185 0.02309335159341926319 
0.00000000099999999996 0.01900107022862724745 0.98099892777137265298 0.00000000099999999996 
0.00000000099999999995 0.05979373866967135909 0.94020625933032853094 0.00000000099999999995 
0.00000000099999999997 0.03374707192166101488 0.96625292607833901393 0.00000000099999999997 
0.00000000099999999997 0.00041416761898142526 0.99958583038101855855 0.00000000099999999997 
0.00000000099999999997 0.02089452440348818843 0.97910547359651167731 0.00000000099999999997 
0.02673018957421224168 0.13826731433452554842 0.81714811521798735861 0.01785438087327488252 
0.00000000099999999999 0.02904742607065802923 0.96672934192466541958 0.00422323100467654738 
0.99999999700000008485 0.00000000099999999997 0.00000000099999999997 0.00000000099999999997 
0.00000000099999999989 0.99999999699999997382 0.00000000099999999989 0.00000000099999999989 
0.99999999699999997382 0.00000000099999999994 0.00000000099999999994 0.00000000099999999994 
0.00000000099999999989 0.99999999699999997382 0.00000000099999999989 0.00000000099999999989 
0.00000000099999999998 0.07516851710845916246 0.92483148089154076921 0.00000000099999999998 
0.95966055923081949874 0.00000000099999999998 0.00000000099999999998 0.04033943876918055088 
0.99999999699999997382 0.00000000099999999995 0.00000000099999999995 0.00000000099999999995 
0.99999999700000008485 0.00000000099999999995 0.00000000099999999995 0.00000000099999999995 
0.99999999700000008485 0.00000000099999999997 0.00000000099999999997 0.00000000099999999997 
0.99999999470069400598 0.00000000099999999996 0.00000000099999999996 0.00000000329930614841 
0.78548464075195789658 0.19160060149128443907 0.00000000100000000000 0.02291475675675768223 
0.99999999700000008485 0.00000000099999999991 0.00000000099999999991 0.00000000099999999991 
0.00000000099999999990 0.99999999699999997382 0.00000000099999999990 0.00000000099999999990 
0.99999999700000008485 0.00000000099999999997 0.00000000099999999997 0.00000000099999999997 
0.99651935972654881457 0.00000000099999999998 0.00000000099999999998 0.00348063827345126064 
0.99999999700000008485 0.00000000099999999996 0.00000000099999999996 0.00000000099999999996 
0.00000000099999999989 0.99999999700000008485 0.00000000099999999989 0.00000000099999999989 
0.91985624430193868584 0.08014375369806127358 0.00000000099999999998 0.00000000099999999998 
0.99243221220851063347 0.00000000099999999996 0.00000000099999999996 0.00756778579148945692 
0.00000000099999999997 0.99999999699999997382 0.00000000099999999997 0.00000000099999999997 
0.00000000099999999997 0.08154079226125561519 0.91845920573874439974 0.00000000099999999997 
0.00000000099999999997 0.04488866668062613252 0.95511133131937375751 0.00000000099999999997 
0.00000000099999999998 0.03591934286274502119 0.96408065513725504925 0.00000000099999999998 
0.00000000099999999998 0.04910412919049936264 0.95089586880950061065 0.00000000099999999998 
0.99999999699999997382 0.00000000099999999995 0.00000000099999999995 0.00000000099999999995 
0.00000000099999999991 0.99999999700000008485 0.00000000099999999991 0.00000000099999999991 
0.00000000099999999999 0.06551948657488453065 0.93448005413659285257 0.00000045828852277951 
0.00000000099999999996 0.03935439281561634028 0.96064560518438357750 0.00000000099999999996 
0.00000000099999999989 0.99999999699999997382 0.00000000099999999989 0.00000000099999999989 
0.00000000099999999990 0.99999999700000008485 0.00000000099999999990 0.00000000099999999990 
0.99999999700000008485 0.00000000099999999992 0.00000000099999999992 0.00000000099999999992 
0.00000000099999999997 0.03125644604940755467 0.96874355195059247414 0.00000000099999999997 
0.98951929091012835737 0.00000000099999999999 0.00000000099999999999 0.01048070708987163674 
0.00000000929216876155 0.07052630056709983941 0.92947368914073125179 0.00000000099999999998 
0.99999999699999997382 0.00000000099999999996 0.00000000099999999996 0.00000000099999999996 
0.00000000099999999988 0.99999999700000008485 0.00000000099999999988 0.00000000099999999988 
0.00000000099999999998 0.03418083541924662322 0.95937670268537000862 0.00644246089538327675 
0.99999999700000008485 0.00000000099999999993 0.00000000099999999993 0.00000000099999999993 
0.99999999700000008485 0.00000000099999999992 0.00000000099999999992 0.00000000099999999992 
0.00000000099999999997 0.00000001360434001326 0.99999998439566006869 0.00000000099999999997 
0.00000000099999999996 0.04033788981222601738 0.95966210818777408775 0.00000000099999999996 
0.00000000099999999996 0.01620971450886597026 0.98379028349113395446 0.00000000099999999996 
0.00000000099999999998 0.04774215399557647094 0.95225784400442359257 0.00000000099999999998 
0.00000000099999999996 0.12356816576524906615 0.87643183223475085164 0.00000000099999999996 
0.00000000099999999995 0.06771202940113886515 0.93228796859886098325 0.00000000099999999995 
0.00000000099999999983 0.00000000099999999983 0.00000000099999999983 0.99999999699999997382 
0.00000000099999999998 0.04901052641161308954 0.95098947152851676101 0.00000000105987018514 
0.00000000099999999999 0.08970029070872828636 0.91029970729127174245 0.00000000099999999999 
0.00000000099999999990 0.00000000099999999990 0.00000000099999999990 0.99999999699999997382 
0.00000000099999999976 0.00000000099999999976 0.00000000099999999976 0.99999999699999997382 
0.00000000099999999995 0.00000000099999999995 0.99999999699999997382 0.00000000099999999995 
0.00000000099999999999 0.04286779470835332811 0.95087468060755353516 0.00625752368409311557 
0.00000000099999999998 0.00302565749319226932 0.99682572615370013125 0.00014861535310760097 
0.00000000099999999999 0.03519268616276701594 0.96318352326223921622 0.00162378957499362221 
0.00000000099999999999 0.03482167004433622814 0.96517185416406481302 0.00000647479159910799 
0.00000000099999999998 0.03410067211526742609 0.96589932588473259578 0.00000000099999999998 
0.00000000099999999998 0.04602891690952224529 0.95397108109047767943 0.00000000099999999998 
0.00000000099999999999 0.00313718147816199194 0.98114577411199388468 0.01571704340984411696 
0.00000000099999999996 0.01176669654505874824 0.98823330145494114873 0.00000000099999999996 
0.01210007783980441946 0.08975201371633421965 0.89814790744386130417 0.00000000099999999999 
0.13464129046747627672 0.07049623959189139921 0.78867700232981630126 0.00618546761081594215 
0.00000000099999999998 0.08611215139708516819 0.91388781026835186339 0.00000003733456306059 
0.30056953862065949323 0.00000350822771269685 0.69942695215162775657 0.00000000100000000000 
0.00000000099999999999 0.04645182982038558589 0.94632982266709841923 0.00721834651251602056 
0.00000000099999999997 0.00000000099999999997 0.99999861320641936224 0.00000138479358044209 
0.00000000099999999997 0.02089056008330568079 0.97910943791669435843 0.00000000099999999997 
0.00000000099999999997 0.04982839653294680177 0.95017160146705303969 0.00000000099999999997 
0.00000000099999999996 0.05119237927127165411 0.94880761872872831919 0.00000000099999999996 
0.00000000099999999997 0.04616601952470614223 0.95383397847529383107 0.00000000099999999997 
0.00000000099999999998 0.04254388252700407741 0.95745611547299591670 0.00000000099999999998 
0.00000000099999999999 0.05092428766568199427 0.46447210147845741091 0.48460360985586048432 
0.00000000099999999998 0.02958389158181686657 0.97041610641818321081 0.00000000099999999998 
0.00000000099999999986 0.00000000099999999986 0.00000000099999999986 0.99999999700000008485 
0.00000000099999999996 0.00214110777298525280 0.99785889022701468321 0.00000000099999999996 
0.00000000099999999995 0.02559702599875470982 0.97440297200124537103 0.00000000099999999995 
0.00000000099999999997 0.06090038910560607865 0.93909960889439392240 0.00000000099999999997 
0.00000000099999999999 0.00885165561819407920 0.99113794712246494623 0.00001039625934086711 
0.00000000099999999996 0.10298714423102138527 0.89701285376897865742 0.00000000099999999996 
0.00000000099999999996 0.07498742685939151220 0.92501257114060830844 0.00000000099999999996 
0.18405591525959300037 0.06255141923924763259 0.72862630749917811634 0.02476635800198131315 
0.00250927984870920459 0.06400866998720079748 0.93348204916409005527 0.00000000099999999999 
0.00000000099999999980 0.00000000099999999980 0.00000000099999999980 0.99999999700000008485 
0.01427682678256947911 0.09225656289636847973 0.89346660932106203301 0.00000000099999999999 
0.00000000099999999978 0.00000000099999999978 0.00000000099999999978 0.99999999699999997382 
0.00000000099999999995 0.04958610316079022085 0.95041389483920979409 0.00000000099999999995 
0.00000000099999999997 0.01592791057447834682 0.98407208742552154668 0.00000000099999999997 
0.00000000099999999998 0.01041650481739665561 0.94191418584931541069 0.04766930833328796718 
0.00000000099999999999 0.03805393747943956739 0.96194606052056041978 0.00000000099999999999 
0.00000000099999999999 0.01272178317585323515 0.98727821482414679366 0.00000000099999999999 
0.00000000099999999998 0.02338773683215567695 0.97661226116784427553 0.00000000099999999998 
0.00000000099999999997 0.03478157645598375231 0.96521842154401626956 0.00000000099999999997 
0.00000000099999999997 0.02687620569286164676 0.97312379230713830225 0.00000000099999999997 
0.00000000099999999995 0.00000000099999999995 0.99999999699999997382 0.00000000099999999995 
0.00000000099999999999 0.03031201124668690336 0.96460698209161865879 0.00508100566169453292 
0.00000000099999999998 0.00000081365406546308 0.99097635974071962561 0.00902282560521505163 
0.00000000099999999997 0.00000005833494827488 0.99999993966505162923 0.00000000099999999997 
0.00000000099999999997 0.04519648270125727757 0.95480351529874263328 0.00000000099999999997 
0.03360917399921879711 0.07873036141582273606 0.88304706312262160051 0.00461340146233691836 
0.30492354731257176326 0.04958068533915292037 0.62181560826313120316 0.02368015908514419302 
0.10157900282929963054 0.09845217812953246939 0.79996881804116781733 0.00000000099999999999 
0.00000000099999999997 0.01317886639913125324 0.98678869392398027571 0.00003243867688853598 
0.00504124055776327372 0.11824278186622232123 0.87671597657601429976 0.00000000099999999999 
0.00000000099999999997 0.03016052490955522039 0.96983947309044482576 0.00000000099999999997 
0.00000000099999999999 0.00011032926513774616 0.99988966873486218034 0.00000000099999999999 
0.00000000099999999997 0.00101528304175228941 0.99898471495824781030 0.00000000099999999997 
0.00000000099999999999 0.00513861716336991205 0.99486138083663011589 0.00000000099999999999 
0.00000000099999999997 0.00034710364817298515 0.99965289435182702604 0.00000000099999999997 
0.00000000099999999997 0.02788968636960398664 0.97211031163039596237 0.00000000099999999997 
0.00000000099999999999 0.06725256638290212641 0.92364751010217671645 0.00909992251492116114 
