0.07053408758995984018 0.00000000099999999996 0.92923645073566374375 0.00022945967437642504 0.00000000099999999996 
0.00000000099999999997 0.00000000099999999997 0.98765110894817387255 0.01234887898609117116 0.00000001006573491975 
0.01976176035976927661 0.00000000099999999998 0.94641249191901599680 0.03382574572121477274 0.00000000099999999998 
0.00000000099999999997 0.00000000099999999997 0.97150075999198748367 0.01617522521087610965 0.01232401279713648060 
0.09151319185535089495 0.00000000099999999995 0.90848680514464918989 0.00000000099999999995 0.00000000099999999995 
0.00695850835345460540 0.00000000099999999998 0.95170793305479262081 0.04133355659175277225 0.00000000099999999998 
0.04312300105615268081 0.00000000099999999997 0.93453064478434266782 0.02234635215950458303 0.00000000099999999997 
0.14752180220183394588 0.00000000099999999997 0.81521804710981415898 0.01498488327582893527 0.02227526641252303152 
0.00001281696075526928 0.00000000099999999998 0.95557970778360457054 0.04440747325563995651 0.00000000099999999998 
0.03172887857798614708 0.00000000099999999998 0.95864038166284892828 0.00000000099999999998 0.00963073775916494651 
0.22855420758478753318 0.00000000099999999995 0.77144578941521246840 0.00000000099999999995 0.00000000099999999995 
0.00000000099999999992 0.99999999600000000211 0.00000000099999999992 0.00000000099999999992 0.00000000099999999992 
0.00000000099999999979 0.00000000099999999979 0.00000000099999999979 0.00000000099999999979 0.99999999600000000211 
0.00465389563382683207 0.00000000099999999994 0.97339303642562247099 0.02195306594055063121 0.00000000099999999994 
0.00000000099999999995 0.99080122366955669655 0.00000000099999999995 0.00000000099999999995 0.00919877333044327727 
0.03581134149380834492 0.00000000099999999996 0.93198081269116106462 0.03220784381503057070 0.00000000099999999996 
0.00377678238412796057 0.00000000099999999997 0.95084020356250853467 0.04538301205336343902 0.00000000099999999997 
0.00300673906094664446 0.00000000099999999996 0.93422247778615163938 0.06277078115290161964 0.00000000099999999996 
0.00000000099999999995 0.00000000099999999995 0.99999999599999989108 0.00000000099999999995 0.00000000099999999995 
0.00000000099999999996 0.00000000099999999996 0.96400227801130800032 0.03599771898869198739 0.00000000099999999996 
0.00000000099999999994 0.99999999600000000211 0.00000000099999999994 0.00000000099999999994 0.00000000099999999994 
0.04828959538685114600 0.00487000462224176055 0.88703712559023573103 0.05980327340067121550 0.00000000099999999999 
0.02294976570868244997 0.00000000099999999998 0.93336089420006174144 0.03468959833352671523 0.00899974075772898632 
0.00522988184138264024 0.00000000099999999997 0.96673615284229585942 0.02803396331632150573 0.00000000099999999997 
0.00000000099999999997 0.00000000099999999997 0.99814708127346829514 0.00000000099999999997 0.00185291572653172379 
0.00000000347813430167 0.00000000099999999997 0.97656190927073294183 0.02343808525113276128 0.00000000099999999997 
0.03443725987997516003 0.00000000099999999997 0.95328531235424818213 0.01227742576577668665 0.00000000099999999997 
0.00812360580760974893 0.01112684080714481868 0.89737382048531544321 0.07862940841157754768 0.00474632448835251523 
0.06343192618380161241 0.00000000099999999998 0.92956666847879620974 0.00700140333740228993 0.00000000099999999998 
0.02958487791133671690 0.01884918460740573135 0.90269952823949073384 0.03809746737001024064 0.01076894187175671085 
0.00000000099999999993 0.00000000099999999993 0.99999999600000000211 0.00000000099999999993 0.00000000099999999993 
0.02738996813423042603 0.00000000099999999996 0.92630174589681546493 0.04630828396895406845 0.00000000099999999996 
0.04823172425707283884 0.00000000099999999998 0.93630055510451437595 0.01208688598346899928 0.00338083365494387536 
0.03061646239752275137 0.00000000099999999998 0.96938353460247717042 0.00000000099999999998 0.00000000099999999998 
0.00000000099999999997 0.00000000099999999997 0.96833386431164369945 0.02562443660964778755 0.00604169707870850104 
0.10847070651234017036 0.89152929048765983122 0.00000000099999999998 0.00000000099999999998 0.00000000099999999998 
0.01402258322147953082 0.00000000099999999997 0.97066239139516174994 0.01531502338335881570 0.00000000099999999997 
0.03120636270033454868 0.00000000099999999997 0.91111923380547144014 0.05767440149419386652 0.00000000099999999997 
0.00000000099999999997 0.00000000099999999997 0.22909206308099916427 0.77090793391900080955 0.00000000099999999997 
0.00361702129343344008 0.00164256017988804732 0.94338530749459004188 0.04287188866436911910 0.00848322236771938132 
0.37397150358523806313 0.00000000099999999997 0.60301651529482869218 0.02301197911993311737 0.00000000099999999997 
0.00000000099999999992 0.99999999600000011313 0.00000000099999999992 0.00000000099999999992 0.00000000099999999992 
0.01984466477483541949 0.00000000099999999995 0.96680306410137628603 0.01335226912378824522 0.00000000099999999995 
0.00000113001671724104 0.00000000099999999999 0.95826570215660156205 0.03662169243370817784 0.00511147439297306248 
0.00000000099999999999 0.97667924077849455067 0.00905278739693063730 0.00000000099999999999 0.01426796982457493104 
0.00507689492083573772 0.00000000099999999998 0.95090498825932068261 0.04401811481984340552 0.00000000099999999998 
0.99999999600000011313 0.00000000099999999991 0.00000000099999999991 0.00000000099999999991 0.00000000099999999991 
0.00000000125542819875 0.00000000099999999997 0.95705528727416300239 0.03996341855322349534 0.00298129191718517900 
0.01589060482959412518 0.00000000099999999998 0.93925041777804108012 0.03343663491066016513 0.01142234148170441499 
0.08749492434269695584 0.00000000099999999998 0.91244828938263888851 0.00005678427466416943 0.00000000099999999998 
0.00000000099999999991 0.00000000099999999991 0.00000000099999999991 0.99999999599999989108 0.00000000099999999991 
0.00000000099999999995 0.00000000099999999995 0.97062279924830896505 0.02937719775169103653 0.00000000099999999995 
0.13152223010484756505 0.00000000099999999994 0.84784516950161603610 0.02063259839353635480 0.00000000099999999994 
0.10186292244051670108 0.00000000099999999996 0.87381111026998858904 0.02432596528949478726 0.00000000099999999996 
0.01101981607296263592 0.00000000099999999997 0.96003118296968970036 0.02894899895734768039 0.00000000099999999997 
0.07129772078693648318 0.00000000099999999999 0.89406985741103151000 0.02738690548462275470 0.00724551531740927172 
0.01524321799316253646 0.00000000099999999998 0.94770970674864896122 0.03704707325818855368 0.00000000099999999998 
0.00000000099999999996 0.00000000099999999996 0.93725462755564747930 0.06274536944435228636 0.00000000099999999996 
0.16051683678925249277 0.00000000099999999997 0.82908864646445779023 0.00017972979356728689 0.01021478595272246222 
0.00000000099999999998 0.00000000099999999998 0.99293524590333015478 0.00706475109666982511 0.00000000099999999998 
0.01459919357416360544 0.00000000099999999997 0.98540080342583646900 0.00000000099999999997 0.00000000099999999997 
0.02383582923894553979 0.00000000099999999997 0.93935115532756296997 0.03681301343349155375 0.00000000099999999997 
0.03556304149971084572 0.00676275297136599146 0.92484517937058607906 0.01961506011926526100 0.01321396603907178807 
0.00000000099999999969 0.00000000099999999969 0.00000000099999999969 0.00000000099999999969 0.99999999599999989108 
0.05216268277870435288 0.00000000099999999997 0.94783731052093223024 0.00000000470036347422 0.00000000099999999997 
0.07025950948884231162 0.00000000099999999998 0.91602453443215170470 0.01371595407900604892 0.00000000099999999998 
0.10071815038841180900 0.01628882602828183104 0.82786510574209759561 0.05512791684120882385 0.00000000099999999999 
0.01187212240345529232 0.00000000099999999997 0.95668210360174854578 0.03144577199479627050 0.00000000099999999997 
0.01619675672073918327 0.00000000099999999997 0.96673371315209311039 0.01232099190683114132 0.00474853722033636086 
0.00000000099999999998 0.99779843917609034598 0.00000000099999999998 0.00000000099999999998 0.00220155782390974580 
0.00000000099999999990 0.99999999600000011313 0.00000000099999999990 0.00000000099999999990 0.00000000099999999990 
0.02417501035101600124 0.00000000099999999998 0.96061957821080434794 0.00853472205956907690 0.00667068837861059093 
0.00924133007436133899 0.00000000099999999997 0.90519808736183648978 0.07543104509338453834 0.01012953647041762821 
0.00086756877220056921 0.00000000099999999999 0.98561012314688711822 0.01352230485688943849 0.00000000222402274744 
0.03421374932419390252 0.00000000099999999997 0.96508392901519512996 0.00070231966061075238 0.00000000099999999997 
0.02369749005138641063 0.00000000099999999994 0.97630250694861353544 0.00000000099999999994 0.00000000099999999994 
0.04614811461970871886 0.00000000099999999997 0.92339453390128978238 0.03045734947900135756 0.00000000099999999997 
0.00000000099999999998 0.00000000099999999998 0.98225272591015311274 0.01774727108984678128 0.00000000099999999998 
0.00000000099999999998 0.00000000099999999998 0.97224176594675704166 0.01934814031941298543 0.00841009173383001039 
0.00898062846560998204 0.00000000099999999996 0.99101936853438998831 0.00000000099999999996 0.00000000099999999996 
0.02724367236826416572 0.00000000099999999996 0.97275632463173578035 0.00000000099999999996 0.00000000099999999996 
0.03274226486460883601 0.00000000099999999996 0.95624285811714815342 0.01101487501824297693 0.00000000099999999996 
0.02875735211821264792 0.00000000099999999996 0.92608214996612181480 0.03768903417133699640 0.00747146274432847982 
0.02866522877981681275 0.00000000099999999997 0.93888319320789859201 0.03245157601228451649 0.00000000099999999997 
0.05294912215109554010 0.00000000099999999998 0.90693347339029983800 0.04011740245860456050 0.00000000099999999998 
0.05000321279080061077 0.00000000099999999997 0.92121129005397306422 0.02878549515522633995 0.00000000099999999997 
0.02859156251408458832 0.00000000099999999997 0.94283431314552634817 0.02857412234038909232 0.00000000099999999997 
0.00000000099999999997 0.00000000099999999997 0.99840179677086982046 0.00159820022913004646 0.00000000099999999997 
0.02581092459646459544 0.00000000099999999997 0.94552789694473693416 0.02735025453374253721 0.00131092292505591767 
0.05563268030612550374 0.00000000099999999999 0.94279338906965803879 0.00000000099999999999 0.00157392862421649560 
0.03428256077329214918 0.00000000099999999997 0.95943634165879199127 0.00628109556791595774 0.00000000099999999997 
0.00000000099999999994 0.99385205381447372375 0.00000000099999999994 0.00000000099999999994 0.00614794318552621798 
0.01950676433526032580 0.00000000099999999996 0.97264321014059296200 0.00785002352414680346 0.00000000099999999996 
0.03054753758992501469 0.00000000099999999998 0.95360807840405237279 0.01584438200602260663 0.00000000099999999998 
0.00000000099999999998 0.00000000099999999998 0.98323031453644449407 0.01676968246355529588 0.00000000099999999998 
0.00000000100000000000 0.00000000100000000000 0.97454524505025208470 0.00701630048301784669 0.01843845246673001328 
0.00000000099999999997 0.00000000099999999997 0.99999999600000000211 0.00000000099999999997 0.00000000099999999997 
0.05121716435905904197 0.00000000099999999998 0.88319555806445637636 0.06558727557648443007 0.00000000099999999998 
0.00000000099999999996 0.00000000099999999996 0.98452899166588703217 0.01547100533411282196 0.00000000099999999996 
0.00000000099999999996 0.51645533982970648346 0.00000000099999999996 0.00000000099999999996 0.48354465717029349037 
0.00000000099999999999 0.00000000099999999999 0.97779028988115657128 0.02170492680852485409 0.00050478131031856603 
0.05313594153428344985 0.00000000099999999996 0.94686405546571650316 0.00000000099999999996 0.00000000099999999996 
0.01860871894482804545 0.00000000099999999997 0.94787124522115950853 0.03352003383401229442 0.00000000099999999997 
0.02807515147209517156 0.00678636700768494878 0.87635415381854875339 0.06646199090831278466 0.02232233679335831472 
0.00020501098630343946 0.00000000099999999996 0.97992428401196307597 0.01987070300173345364 0.00000000099999999996 
0.01324560616086728829 0.00000000099999999995 0.92490492745898666982 0.06184946438014606723 0.00000000099999999995 
0.05924679686490955111 0.00000000099999999997 0.91233332752798379506 0.02841987360710682142 0.00000000099999999997 
0.04006762533556212924 0.00000000099999999997 0.95993205211414878164 0.00000032055028911878 0.00000000099999999997 
0.00000000099999999997 0.00000000099999999997 0.97846373217859239357 0.02153626482140750045 0.00000000099999999997 
0.06692374907504437809 0.02544117146698762072 0.75700271900480009535 0.13336853809710982888 0.01726382235605803533 
0.00000000099999999998 0.00000000099999999998 0.96569627750433228996 0.03172726228419431305 0.00257645821147328572 
0.00000000099999999995 0.99999999600000011313 0.00000000099999999995 0.00000000099999999995 0.00000000099999999995 
0.00000000099999999986 0.00000000099999999986 0.00000000099999999986 0.99999999599999989108 0.00000000099999999986 
0.00000000099999999991 0.99999999600000000211 0.00000000099999999991 0.00000000099999999991 0.00000000099999999991 
0.00000000099999999986 0.00000000099999999986 0.00000000099999999986 0.99999999599999989108 0.00000000099999999986 
0.27294536802699331801 0.00000000099999999997 0.69760497224917472625 0.02944965772383199495 0.00000000099999999997 
0.00000000099999999998 0.95953845190003017596 0.00000000099999999998 0.00000000099999999998 0.04046154509997002685 
0.00000000099999999994 0.99999999600000011313 0.00000000099999999994 0.00000000099999999994 0.00000000099999999994 
0.00000000099999999993 0.99999999600000011313 0.00000000099999999993 0.00000000099999999993 0.00000000099999999993 
0.00000000099999999995 0.99999999600000011313 0.00000000099999999995 0.00000000099999999995 0.00000000099999999995 
0.00000000099999999995 0.99999999600000000211 0.00000000099999999995 0.00000000099999999995 0.00000000099999999995 
0.08066774281814641234 0.78284165608680411630 0.00000000099999999999 0.11867661490560049709 0.01781398518944916562 
0.00000000099999999987 0.99999999600000000211 0.00000000099999999987 0.00000000099999999987 0.00000000099999999987 
0.00000000099999999987 0.00000000099999999987 0.00000000099999999987 0.99999999600000000211 0.00000000099999999987 
0.00000000099999999995 0.99999999600000011313 0.00000000099999999995 0.00000000099999999995 0.00000000099999999995 
0.00000000099999999998 0.99611971408622912438 0.00000000099999999998 0.00000000099999999998 0.00388028291377106585 
0.00000000099999999994 0.99999999600000000211 0.00000000099999999994 0.00000000099999999994 0.00000000099999999994 
0.00000000099999999986 0.00000000099999999986 0.00000000099999999986 0.99999999599999989108 0.00000000099999999986 
0.00000000099999999997 0.91954916819144449924 0.00000000099999999997 0.08045082880855555785 0.00000000099999999997 
0.00000000099999999993 0.99240089684142240856 0.00000000099999999993 0.00000000099999999993 0.00759910015857780379 
0.00000000099999999995 0.00000000099999999995 0.00000000099999999995 0.99999999599999989108 0.00000000099999999995 
0.00837791975704116863 0.00000000099999999997 0.90779657866743379557 0.08382549957552493103 0.00000000099999999997 
0.16892885931179790759 0.00000000099999999997 0.80833056819824267158 0.02274057048995944963 0.00000000099999999997 
0.05259901334479711449 0.00000000099999999998 0.91661806968746428748 0.03078291496773847419 0.00000000099999999998 
0.99999999600000011313 0.00000000099999999987 0.00000000099999999987 0.00000000099999999987 0.00000000099999999987 
0.00000000099999999994 0.99999999600000011313 0.00000000099999999994 0.00000000099999999994 0.00000000099999999994 
0.14630478538756158668 0.00000000099999999992 0.00000000099999999992 0.85369521161243844265 0.00000000099999999992 
0.14737471019723458188 0.00000000099999999998 0.80773216841698147750 0.04489311938578378208 0.00000000099999999998 
0.30228316985646935811 0.00000000099999999995 0.69771682714353067123 0.00000000099999999995 0.00000000099999999995 
0.19658507894925031367 0.00000000099999999989 0.00000000099999999989 0.80341491805074971566 0.00000000099999999989 
0.00000000099999999989 0.00000000099999999989 0.00000000099999999989 0.99999999600000000211 0.00000000099999999989 
0.00000000099999999990 0.99999999600000011313 0.00000000099999999990 0.00000000099999999990 0.00000000099999999990 
0.11887127947706534192 0.00000000099999999996 0.86477165574410952420 0.01635706277882508636 0.00000000099999999996 
0.00000000099999999998 0.98914164794857417640 0.00000000099999999998 0.00000000099999999998 0.01085834905142579743 
0.08747131312210468246 0.00000000099999999998 0.85189659749731194704 0.06063208738058324665 0.00000000099999999998 
0.00000000099999999995 0.99999999600000000211 0.00000000099999999995 0.00000000099999999995 0.00000000099999999995 
0.00000000099999999984 0.00000000099999999984 0.00000000099999999984 0.99999999599999989108 0.00000000099999999984 
0.04493967032107333559 0.00000000099999999998 0.91802572592155162745 0.03105318660258107530 0.00598141615479392662 
0.00000000099999999989 0.99999999600000011313 0.00000000099999999989 0.00000000099999999989 0.00000000099999999989 
0.00000000099999999989 0.99999999600000011313 0.00000000099999999989 0.00000000099999999989 0.00000000099999999989 
0.04439628143041456781 0.00000000099999999997 0.95560371556958556560 0.00000000099999999997 0.00000000099999999997 
0.03734767432732355452 0.00000000099999999996 0.92351439331270102073 0.03913793035997543968 0.00000000099999999996 
0.05144867386503683415 0.00000000099999999996 0.93314753807596562130 0.01540378605899761152 0.00000000099999999996 
0.11390831071641711880 0.00000000099999999998 0.85456124957381851548 0.03153043770976441534 0.00000000099999999998 
0.99999999600000011313 0.00000000099999999989 0.00000000099999999989 0.00000000099999999989 0.00000000099999999989 
0.12308626295169775022 0.00000000099999999995 0.82977736722288686355 0.04713636782541539422 0.00000000099999999995 
0.00000000099999999978 0.00000000099999999978 0.00000000099999999978 0.00000000099999999978 0.99999999599999989108 
0.99999999600000011313 0.00000000099999999989 0.00000000099999999989 0.00000000099999999989 0.00000000099999999989 
0.33137364098694765957 0.00000000099999999996 0.63643439978470051077 0.03219195722835189316 0.00000000099999999996 
0.00000000099999999987 0.00000000099999999987 0.00000000099999999987 0.00000000099999999987 0.99999999599999989108 
0.00000000099999999967 0.00000000099999999967 0.00000000099999999967 0.00000000099999999967 0.99999999599999989108 
0.00000000099999999994 0.00000000099999999994 0.99999999600000000211 0.00000000099999999994 0.00000000099999999994 
0.08150197622446739287 0.00000000099999999999 0.87578252129599232223 0.03954950602628193312 0.00316599545325846722 
0.09431350059389204121 0.00000000099999999998 0.90423978958593920208 0.00000000099999999998 0.00144670782016885794 
0.04570888929429054587 0.00000000099999999999 0.92443806531305516838 0.02971791818874234756 0.00013512620391187627 
0.03647103070213936898 0.00000000099999999998 0.93133267721473156353 0.03217740836527926973 0.00001888271784976666 
0.02552900645880243000 0.00000000099999999998 0.94079680326809611568 0.03367418827310143803 0.00000000099999999998 
0.00066859042941478243 0.00000000099999999998 0.94897063968929196154 0.05036076788129314336 0.00000000099999999998 
0.11234194464795978219 0.00000000099999999999 0.87269159979475474653 0.00000000099999999999 0.01496645355728570305 
0.09281838671876181668 0.00000000099999999996 0.90041406520703870520 0.00676754607419931611 0.00000000099999999996 
0.99999999600000000211 0.00000000099999999996 0.00000000099999999996 0.00000000099999999996 0.00000000099999999996 
0.61026655321651401831 0.11612176659874547113 0.22874843362217531229 0.01474140083986368900 0.03012184572270148672 
0.16894389544609828002 0.00000000099999999997 0.77720641381821375937 0.05384968873568787839 0.00000000099999999997 
0.55507601464039435513 0.27939811339953629643 0.16552586996006932174 0.00000000100000000000 0.00000000100000000000 
0.04662381433773243877 0.00000000099999999999 0.90081869354791355153 0.04644895402470693851 0.00610853708964709339 
0.12018081687160633853 0.00000000099999999997 0.87981918012839366305 0.00000000099999999997 0.00000000099999999997 
0.05386812879309849783 0.00000000099999999997 0.93023503323509504348 0.01589683597180644239 0.00000000099999999997 
0.11653947272175280148 0.00000000099999999997 0.84658408546739838396 0.03687643981084877398 0.00000000099999999997 
0.00000000099999999996 0.00000000099999999996 0.94639976266043224218 0.05360023433956772471 0.00000000099999999996 
0.03278895889127612928 0.00000000099999999997 0.92367219400056566059 0.04353884510815816955 0.00000000099999999997 
0.07619038732601618458 0.00000000099999999998 0.89126121988641071603 0.03254839078757298249 0.00000000099999999998 
0.01977449467856055854 0.00000000099999999999 0.44920025999293766716 0.04691016798156844025 0.48411507634693323743 
0.18660484747543229500 0.00000000099999999998 0.80625820904464151617 0.00713694147992603636 0.00000000099999999998 
0.00000000099999999981 0.00000000099999999981 0.00000000099999999981 0.00000000099999999981 0.99999999599999989108 
0.07740088310165507690 0.00000000099999999996 0.92259911389834492468 0.00000000099999999996 0.00000000099999999996 
0.08930512058853587454 0.00000000099999999994 0.90105930303161574368 0.00963557437984834467 0.00000000099999999994 
0.00053943732455925353 0.00000000099999999996 0.93623921563442791260 0.06322134504101270536 0.00000000099999999996 
0.10542883582278110566 0.00000000099999999999 0.89452898424925764154 0.00004217792796122048 0.00000000099999999999 
0.99999999600000011313 0.00000000099999999990 0.00000000099999999990 0.00000000099999999990 0.00000000099999999990 
0.99999999600000000211 0.00000000099999999990 0.00000000099999999990 0.00000000099999999990 0.00000000099999999990 
0.79549413643640043414 0.16912125265053551404 0.00000000100000000000 0.00023800706384579832 0.03514660284921834049 
0.99999999600000011313 0.00000000099999999991 0.00000000099999999991 0.00000000099999999991 0.00000000099999999991 
0.00000000099999999972 0.00000000099999999972 0.00000000099999999972 0.00000000099999999972 0.99999999600000000211 
0.99999999600000011313 0.00000000099999999988 0.00000000099999999988 0.00000000099999999988 0.00000000099999999988 
0.00000000099999999971 0.00000000099999999971 0.00000000099999999971 0.00000000099999999971 0.99999999599999989108 
0.07943631476158705129 0.00000000099999999995 0.87970320282094705000 0.04086048041746585119 0.00000000099999999995 
0.08615212811381815772 0.00000000099999999997 0.90918087268829439473 0.00466699719788728727 0.00000000099999999997 
0.17093323081916775297 0.00000000099999999998 0.78381944903204603392 0.00000000099999999998 0.04524731814878616559 
0.00005222363505557653 0.00000000099999999999 0.95588616711271012782 0.04406160725223427083 0.00000000099999999999 
0.00000000099999999998 0.00000000099999999998 0.97964606353488226098 0.02035393346511756713 0.00000000099999999998 
0.10066321415528718675 0.00000000099999999997 0.89428197350434357471 0.00505481034036910429 0.00000000099999999997 
0.09549462212277982920 0.00000000099999999997 0.87901187150494886069 0.02549350437227108218 0.00000000099999999997 
0.00000009949191823643 0.00000000099999999996 0.97128808362111140884 0.02871181488697019391 0.00000000099999999996 
0.00061531036962244278 0.00000000099999999995 0.99938468663037760553 0.00000000099999999995 0.00000000099999999995 
0.09121162215589527500 0.00000000099999999999 0.89080137731585185001 0.01797679367032438760 0.00001020585792842659 
0.03000227999330365436 0.00000000099999999998 0.96270910626082351058 0.00000000099999999998 0.00728861174587274504 
0.04017666293717588738 0.00000000099999999996 0.95982333406282405175 0.00000000099999999996 0.00000000099999999996 
0.22349141076503015180 0.00000000099999999997 0.76341466607524022248 0.01309392115972952964 0.00000000099999999997 
0.99999974890390330717 0.00000000099999999998 0.00000000099999999998 0.00000000099999999998 0.00000024809609676679 
0.55139648041889355312 0.28395170627896731963 0.09980788752124999941 0.03346363356137415507 0.03138029221951509073 
0.93304644379050571956 0.06695355320949429589 0.00000000099999999998 0.00000000099999999998 0.00000000099999999998 
0.04354315230250117158 0.00000000099999999997 0.94353021853296892285 0.01292662716453001417 0.00000000099999999997 
0.99999999600000011313 0.00000000099999999988 0.00000000099999999988 0.00000000099999999988 0.00000000099999999988 
0.12951891808799928518 0.00000000099999999997 0.84992917696416248052 0.02055190294783820759 0.00000000099999999997 
0.05985018069775731309 0.00000000099999999999 0.94014981630224259135 0.00000000099999999999 0.00000000099999999999 
0.13403395600751349948 0.00000000099999999997 0.86596604099248641884 0.00000000099999999997 0.00000000099999999997 
0.12736317038677472113 0.00000000099999999999 0.87263682661322528045 0.00000000099999999999 0.00000000099999999999 
0.08108173121275707995 0.00000000099999999997 0.91891826578724300489 0.00000000099999999997 0.00000000099999999997 
0.10586120925592047703 0.00000000099999999997 0.87607429029047778624 0.01806449845360169615 0.00000000099999999997 
0.10484866350131666346 0.00000000099999999999 0.83089191867438882966 0.05680089201413022343 0.00745852481016427791 
