0.000000	0.252219	0.251061	0.251871	0.251773	0.253237	0.252153	0.255383	0.249339	0.250552	0.259085	0.319857	0.292134	0.252763	0.324620	0.250866	0.250142	0.247296	0.254476	0.255745	0.323735	0.255565	0.253652	0.252725	0.250252	0.253806	0.252037	0.253176	0.255990	0.251284	0.251847	0.250095	0.249023	0.253322	0.254251	0.325149	0.254296	0.253568	0.265916	0.251168	0.259562	0.328926	0.249370	0.250079	0.323287	0.254981	0.257035	0.247039	0.256519	0.255672	0.265395	0.248946	0.249446	0.251463	0.254024	0.247541	0.249084	0.250631	0.256397	0.248316	0.250503	0.251403	0.249524	0.293724	0.251059	0.254929	0.255207	0.253465	0.253429	0.329207	0.331481	0.251037	0.248946	0.247756	0.253973	0.253084	0.251224	0.251401	0.247627	0.254532	0.250840	0.250724	0.251306	0.260351	0.254536	0.244197	0.254929	0.250598	0.254785	0.251102	0.256569	0.326596	0.252427	0.253572	0.254163	0.251026	0.245457	0.257462	0.250535	0.313541	0.251309	0.251903	0.254441	0.253094	0.255114	0.253271	0.253160	0.248548	0.258363	0.253934	0.253514	0.326086	0.268232	0.320316	0.266628	0.251638	0.325000	0.328567	0.328983	0.322639	0.322406	0.309822	0.324552	0.263059	0.327776	0.320325	0.320702	0.265180	0.324958	0.322336	0.267174	0.253069	0.251619	0.252785	0.253013	0.321210	0.272770	0.253595	0.248847	0.264249	0.265073	0.326792	0.251163	0.318298	0.253064	0.319882	0.267014	0.247354	0.328526	0.321970	0.259424	0.247049	0.251005	0.251421	0.253152	0.248487	0.299936	0.253925	0.246198	0.294291	0.294200	0.251592	0.252413	0.250609	0.249743	0.255322	0.256503	0.250191	0.255944	0.248421	0.254206	0.263557	0.250972	0.273950	0.250695	0.246973	0.251368	0.255993	0.254625	0.250547	0.256388	0.277178	0.256108	0.300525	0.254476	0.251369	0.247665	0.256484	0.253549	0.253482	0.274316	0.256602	0.297166	0.251637	0.292742	0.249399	0.253155	0.253101	0.256422	0.252857	0.248737	0.254033	0.253924	0.252814	0.258280	0.255259	0.251535	0.249732	0.258100	0.282825	0.258902	0.249435	0.254382	0.260511	0.253645	0.248233	0.252627	0.253322	0.253135	0.258335	
0.252219	0.000000	0.251044	0.252763	0.252734	0.254916	0.252055	0.253759	0.251651	0.251435	0.252383	0.320529	0.289700	0.258091	0.322806	0.249796	0.251825	0.252513	0.255994	0.253330	0.330123	0.254224	0.259697	0.254907	0.248160	0.248398	0.253562	0.256048	0.248630	0.256639	0.253928	0.254921	0.252219	0.247390	0.252124	0.325895	0.252891	0.256736	0.265157	0.252459	0.260054	0.328220	0.253005	0.254589	0.319060	0.255961	0.264200	0.248877	0.253415	0.254144	0.264970	0.253283	0.254693	0.255103	0.255338	0.247715	0.252886	0.252754	0.253973	0.253033	0.248712	0.253667	0.254504	0.290222	0.251279	0.258401	0.255692	0.250520	0.251869	0.326436	0.328904	0.252260	0.250957	0.250706	0.248725	0.255560	0.249890	0.254495	0.253562	0.255390	0.255615	0.249513	0.251603	0.254096	0.254064	0.254761	0.253020	0.249638	0.251996	0.253255	0.257190	0.321268	0.256121	0.253141	0.253902	0.260886	0.252648	0.256863	0.255466	0.311567	0.255685	0.250971	0.252274	0.253310	0.255374	0.251183	0.252019	0.248960	0.251856	0.259513	0.251762	0.319598	0.264503	0.321289	0.266650	0.255899	0.323101	0.331852	0.325804	0.323587	0.324529	0.319708	0.327131	0.262418	0.328403	0.318118	0.317485	0.268771	0.323651	0.320617	0.260913	0.247882	0.250376	0.251433	0.262870	0.326625	0.273793	0.253124	0.254383	0.270038	0.270560	0.324825	0.254914	0.315679	0.254338	0.319100	0.265331	0.248891	0.329797	0.326036	0.254887	0.256967	0.255436	0.250862	0.256331	0.250223	0.299167	0.260786	0.252842	0.297553	0.296185	0.252971	0.254999	0.252237	0.257456	0.253437	0.248818	0.251298	0.258808	0.257435	0.260882	0.267797	0.253800	0.273133	0.253187	0.250748	0.258048	0.251851	0.255989	0.253554	0.257715	0.274154	0.257295	0.293833	0.251562	0.249704	0.255223	0.253444	0.257528	0.260154	0.268799	0.258052	0.298153	0.254492	0.294623	0.251964	0.255376	0.258568	0.253715	0.250751	0.250217	0.253753	0.258305	0.255777	0.259016	0.251688	0.255039	0.256578	0.263265	0.273611	0.264396	0.251498	0.260342	0.256226	0.262392	0.257623	0.249628	0.250144	0.251734	0.251943	
0.251061	0.251044	0.000000	0.252609	0.253643	0.255777	0.252403	0.256377	0.249573	0.256845	0.252496	0.323545	0.293156	0.255745	0.326937	0.249826	0.251315	0.256089	0.250112	0.252882	0.327303	0.254782	0.256373	0.257063	0.247244	0.255458	0.254493	0.256284	0.253979	0.252864	0.252211	0.257709	0.251331	0.249129	0.252819	0.326915	0.255427	0.255476	0.272999	0.253892	0.255831	0.330925	0.253707	0.255195	0.324613	0.260265	0.264920	0.248917	0.253003	0.255859	0.267472	0.257450	0.251273	0.258666	0.258315	0.240428	0.254084	0.253234	0.251850	0.254402	0.253004	0.248495	0.249936	0.298717	0.252446	0.252810	0.254250	0.252885	0.257306	0.322475	0.329779	0.253271	0.253906	0.259470	0.254773	0.249046	0.254921	0.259243	0.248784	0.249366	0.253683	0.256329	0.250554	0.255762	0.255673	0.254836	0.257460	0.250190	0.258565	0.252453	0.256547	0.327164	0.250904	0.256597	0.256674	0.255647	0.248382	0.260717	0.255474	0.317451	0.257524	0.258603	0.247506	0.250774	0.251921	0.257038	0.255306	0.254522	0.254558	0.256817	0.250935	0.328489	0.266574	0.326175	0.272337	0.257219	0.327240	0.330575	0.333333	0.323599	0.325797	0.315075	0.329894	0.270141	0.330025	0.328826	0.322223	0.264362	0.322417	0.326425	0.264086	0.254978	0.258338	0.252045	0.264721	0.325629	0.270393	0.253614	0.254816	0.271530	0.267998	0.327248	0.251504	0.321308	0.251281	0.323671	0.271828	0.252948	0.327115	0.322723	0.254065	0.252150	0.256371	0.255955	0.261014	0.254883	0.304204	0.264760	0.253922	0.296874	0.300430	0.248858	0.257893	0.256144	0.257438	0.256369	0.254915	0.258706	0.258463	0.255362	0.257874	0.265128	0.252277	0.282582	0.252465	0.252427	0.251772	0.253616	0.251528	0.253289	0.261081	0.272620	0.251859	0.305499	0.251383	0.254859	0.254697	0.258342	0.264500	0.260444	0.284068	0.264916	0.298872	0.262342	0.299037	0.255524	0.256145	0.255291	0.258370	0.254113	0.250832	0.255386	0.247429	0.252142	0.263092	0.256708	0.253168	0.254940	0.257373	0.286070	0.265623	0.255794	0.264834	0.251679	0.254814	0.257049	0.257532	0.246059	0.248340	0.258048	
0.251871	0.252763	0.252609	0.000000	0.245203	0.249824	0.248683	0.255216	0.246637	0.247952	0.250905	0.319127	0.283608	0.252158	0.326678	0.248240	0.250534	0.245463	0.250127	0.255153	0.321539	0.252563	0.256282	0.251792	0.244356	0.247564	0.248567	0.250160	0.251747	0.250739	0.251462	0.251676	0.251667	0.249969	0.251398	0.320757	0.250942	0.250500	0.260164	0.248409	0.253645	0.325569	0.247548	0.248866	0.318253	0.252555	0.261478	0.250490	0.251010	0.249814	0.269974	0.248304	0.245579	0.255367	0.251708	0.251361	0.253344	0.251652	0.252835	0.249167	0.250831	0.251195	0.251204	0.288961	0.248392	0.246986	0.255639	0.246068	0.249530	0.318217	0.324561	0.250424	0.249827	0.248762	0.251857	0.253030	0.250438	0.250849	0.245736	0.253735	0.248909	0.250094	0.250000	0.250205	0.250688	0.249560	0.252829	0.248350	0.252592	0.247093	0.252500	0.326025	0.250079	0.254367	0.256412	0.254141	0.245196	0.264128	0.244789	0.311043	0.253211	0.247020	0.249141	0.255406	0.250016	0.245777	0.246832	0.248487	0.250106	0.255803	0.249387	0.319510	0.264316	0.321645	0.262335	0.244728	0.320709	0.322596	0.322242	0.316820	0.322627	0.312535	0.327527	0.263788	0.322097	0.324691	0.320202	0.267804	0.316648	0.323690	0.267100	0.249069	0.253380	0.249494	0.254505	0.325968	0.267257	0.245340	0.248130	0.267018	0.269994	0.321514	0.250016	0.312639	0.257089	0.315259	0.264526	0.247734	0.327745	0.325597	0.253367	0.253789	0.248323	0.251705	0.255401	0.250206	0.295540	0.251342	0.254165	0.289914	0.295958	0.249887	0.246499	0.250197	0.250272	0.250834	0.255734	0.248668	0.257389	0.248905	0.254940	0.259400	0.249885	0.286467	0.254817	0.250864	0.252106	0.251495	0.246620	0.246914	0.259382	0.274474	0.252559	0.293948	0.252957	0.251662	0.249507	0.251134	0.251438	0.255739	0.280661	0.256405	0.291854	0.250236	0.287000	0.244292	0.256969	0.253237	0.247244	0.247445	0.249685	0.251396	0.252471	0.249825	0.256587	0.256172	0.253685	0.250676	0.258945	0.283930	0.257423	0.250467	0.256157	0.252775	0.262088	0.253702	0.251545	0.249874	0.248397	0.254328	
0.251773	0.252734	0.253643	0.245203	0.000000	0.256497	0.256829	0.260763	0.253062	0.250078	0.253252	0.323488	0.294309	0.257481	0.330182	0.252068	0.252894	0.250637	0.255284	0.252347	0.328754	0.255617	0.256074	0.254354	0.252738	0.254646	0.250047	0.255237	0.252165	0.252424	0.252172	0.255319	0.255151	0.247263	0.253282	0.329977	0.251057	0.257773	0.267419	0.255596	0.262273	0.329569	0.251509	0.257549	0.320026	0.258469	0.260227	0.254800	0.258515	0.228310	0.269856	0.251243	0.226492	0.256319	0.254082	0.253371	0.253449	0.252740	0.254727	0.250715	0.251661	0.255585	0.255957	0.293902	0.258083	0.255513	0.254252	0.252709	0.252111	0.321277	0.328674	0.252530	0.257904	0.253643	0.254314	0.252030	0.251363	0.254135	0.254934	0.251825	0.255182	0.253466	0.251570	0.258091	0.257306	0.252625	0.252535	0.255008	0.255596	0.251026	0.256707	0.328205	0.253128	0.256622	0.249742	0.253662	0.253505	0.257137	0.251709	0.309634	0.254628	0.254472	0.256036	0.252774	0.252027	0.249969	0.255148	0.250811	0.255552	0.258999	0.256860	0.326445	0.267325	0.321855	0.266985	0.249826	0.328951	0.332152	0.329983	0.324548	0.321522	0.320520	0.335979	0.266504	0.321386	0.326818	0.323460	0.268884	0.319535	0.325753	0.267585	0.246365	0.256170	0.252367	0.264552	0.324943	0.275656	0.254101	0.249573	0.270855	0.271728	0.327470	0.249512	0.317434	0.259909	0.321200	0.269499	0.246403	0.326963	0.327003	0.257047	0.252439	0.256370	0.255880	0.256706	0.247673	0.301322	0.252767	0.256004	0.298825	0.299591	0.250882	0.256653	0.256425	0.253661	0.257573	0.255973	0.251867	0.261165	0.253539	0.258502	0.262949	0.246601	0.279807	0.258299	0.253420	0.252945	0.257544	0.255562	0.257697	0.263858	0.272449	0.255736	0.300780	0.258451	0.256400	0.255782	0.254480	0.254766	0.257901	0.268055	0.254572	0.297085	0.260121	0.296948	0.251252	0.254604	0.255571	0.253781	0.255676	0.254633	0.258508	0.254430	0.253030	0.264518	0.255723	0.255337	0.253796	0.258060	0.280251	0.262078	0.259160	0.262549	0.249054	0.264562	0.256357	0.253269	0.251331	0.251769	0.260590	
0.253237	0.254916	0.255777	0.249824	0.256497	0.000000	0.255509	0.259098	0.251507	0.257609	0.258360	0.318248	0.291179	0.253343	0.323502	0.252259	0.251407	0.251805	0.256410	0.251455	0.323203	0.248764	0.262633	0.249397	0.256104	0.260839	0.251485	0.253432	0.254936	0.255568	0.260344	0.256488	0.255727	0.248271	0.250902	0.333333	0.251381	0.256653	0.266131	0.246738	0.261030	0.328643	0.251381	0.256715	0.322742	0.253833	0.264494	0.250705	0.253762	0.258499	0.270262	0.252355	0.249067	0.262678	0.257796	0.252546	0.253097	0.257062	0.256413	0.247191	0.253335	0.257798	0.253305	0.292242	0.251057	0.250302	0.247505	0.259144	0.255639	0.325458	0.321506	0.254890	0.253882	0.257160	0.258071	0.254692	0.254049	0.253315	0.254527	0.255281	0.256617	0.261013	0.253112	0.252691	0.259400	0.248220	0.251934	0.256073	0.259081	0.256019	0.258816	0.325110	0.253872	0.248744	0.260921	0.258581	0.253595	0.250898	0.258851	0.312015	0.256302	0.254940	0.250053	0.254390	0.254023	0.260095	0.256245	0.252238	0.250864	0.256538	0.253745	0.322304	0.263196	0.322877	0.273799	0.255970	0.324779	0.324445	0.315212	0.321665	0.326498	0.316291	0.330436	0.268764	0.324984	0.325027	0.318498	0.265374	0.319751	0.327835	0.263055	0.247227	0.252824	0.250877	0.270665	0.326571	0.278186	0.250397	0.258820	0.284754	0.274911	0.326127	0.251236	0.318824	0.259969	0.319494	0.268796	0.250740	0.329983	0.323727	0.256750	0.257049	0.258477	0.250401	0.257172	0.254995	0.303369	0.257193	0.251272	0.295055	0.295722	0.257688	0.257922	0.259030	0.259218	0.260331	0.256331	0.256114	0.255798	0.248856	0.255960	0.273522	0.246566	0.283384	0.257259	0.254334	0.251070	0.259176	0.251156	0.260133	0.257234	0.273839	0.261062	0.301873	0.256116	0.254042	0.249607	0.268285	0.262361	0.260446	0.285714	0.260383	0.298971	0.265335	0.295342	0.249663	0.251340	0.258230	0.254015	0.257538	0.258716	0.253688	0.260865	0.251466	0.261518	0.251803	0.255992	0.254569	0.268210	0.286632	0.260968	0.254506	0.263624	0.254183	0.262689	0.259775	0.256963	0.252302	0.246629	0.263569	
0.252153	0.252055	0.252403	0.248683	0.256829	0.255509	0.000000	0.252608	0.248759	0.250473	0.256606	0.320339	0.287323	0.249323	0.323131	0.247172	0.254089	0.252887	0.256099	0.252514	0.323968	0.249589	0.256184	0.251603	0.251415	0.252244	0.251591	0.256059	0.250582	0.255501	0.250557	0.250727	0.251918	0.253581	0.250927	0.322081	0.251868	0.249625	0.265767	0.251981	0.252222	0.330194	0.253506	0.249701	0.324503	0.248637	0.261805	0.254331	0.252787	0.253272	0.271425	0.252323	0.248262	0.254834	0.253920	0.249672	0.249496	0.251636	0.253238	0.253394	0.249545	0.252922	0.254119	0.288922	0.254463	0.255379	0.253994	0.253036	0.256430	0.323422	0.326973	0.254783	0.252916	0.252648	0.256923	0.254086	0.252504	0.252183	0.252305	0.250362	0.248357	0.255389	0.249450	0.255165	0.258672	0.253014	0.251147	0.250440	0.260097	0.245507	0.257784	0.327873	0.255096	0.256049	0.255781	0.254722	0.250598	0.261627	0.251429	0.311153	0.259129	0.247416	0.253005	0.259841	0.246865	0.250331	0.252585	0.254236	0.253954	0.259486	0.251210	0.324922	0.265678	0.318487	0.263673	0.248655	0.325479	0.328972	0.328552	0.321322	0.324314	0.310108	0.326766	0.263552	0.327629	0.318034	0.318971	0.266921	0.320342	0.322094	0.267644	0.251388	0.252122	0.247911	0.257552	0.327173	0.268473	0.249161	0.252798	0.267714	0.267253	0.327114	0.242833	0.318113	0.255791	0.324789	0.267150	0.246169	0.329799	0.322545	0.251895	0.253042	0.252498	0.255475	0.254562	0.250048	0.295558	0.253443	0.252373	0.294091	0.293246	0.257295	0.252637	0.250953	0.258339	0.250385	0.259415	0.250847	0.257495	0.249499	0.259919	0.258050	0.250624	0.271660	0.261341	0.252192	0.248685	0.254821	0.254532	0.253631	0.258043	0.276571	0.252125	0.294462	0.250753	0.252336	0.246324	0.258046	0.255101	0.248647	0.281992	0.255384	0.292934	0.256893	0.287412	0.256598	0.257939	0.251151	0.251989	0.254412	0.251339	0.253653	0.250241	0.252794	0.258970	0.260623	0.253569	0.251447	0.252276	0.278470	0.259699	0.251031	0.253134	0.253917	0.257386	0.254515	0.255985	0.252960	0.248081	0.256134	
0.255383	0.253759	0.256377	0.255216	0.260763	0.259098	0.252608	0.000000	0.257850	0.256002	0.257590	0.322529	0.294609	0.256095	0.327520	0.255350	0.258044	0.253199	0.256118	0.254757	0.326072	0.254585	0.257559	0.255988	0.254294	0.255221	0.255255	0.255499	0.257632	0.253594	0.253367	0.251627	0.255604	0.253965	0.256857	0.323761	0.256511	0.256677	0.268705	0.257640	0.263172	0.327341	0.256597	0.259063	0.321729	0.260656	0.263312	0.257164	0.253995	0.258177	0.271547	0.255437	0.247655	0.258137	0.258767	0.249412	0.257585	0.251838	0.200431	0.254072	0.256057	0.257191	0.257980	0.294488	0.261778	0.255341	0.258720	0.252132	0.258397	0.322608	0.329292	0.252918	0.253337	0.254666	0.257056	0.257009	0.254244	0.255100	0.259806	0.255115	0.258030	0.253652	0.250917	0.254988	0.261698	0.257301	0.258197	0.257232	0.254229	0.255131	0.257922	0.327674	0.258872	0.255361	0.255131	0.255344	0.254457	0.260648	0.256401	0.311240	0.258461	0.256625	0.261030	0.257040	0.254007	0.254165	0.256770	0.250187	0.253665	0.260348	0.258821	0.324862	0.271782	0.323683	0.272584	0.256641	0.322612	0.331946	0.328167	0.324229	0.324324	0.312077	0.329420	0.266755	0.327579	0.326171	0.322491	0.272066	0.323387	0.320474	0.274452	0.252613	0.252731	0.260397	0.261159	0.325098	0.277765	0.256713	0.252419	0.273300	0.274898	0.329667	0.257015	0.319139	0.255877	0.322426	0.269077	0.254582	0.329147	0.324817	0.256986	0.259902	0.260091	0.251279	0.255134	0.255300	0.303973	0.255737	0.254809	0.298215	0.301142	0.256501	0.261387	0.257305	0.260304	0.259224	0.258170	0.256166	0.261191	0.256271	0.258952	0.259316	0.255755	0.272581	0.259942	0.248455	0.256053	0.258780	0.251631	0.255872	0.263549	0.272081	0.254741	0.303325	0.254198	0.255390	0.252550	0.260749	0.261234	0.252876	0.270182	0.257955	0.298468	0.256524	0.295441	0.250096	0.258813	0.255324	0.261692	0.260322	0.256929	0.258438	0.258052	0.255008	0.270065	0.259697	0.254645	0.257344	0.260930	0.277125	0.268956	0.259783	0.260456	0.256176	0.260062	0.254530	0.261210	0.257723	0.253982	0.257684	
0.249339	0.251651	0.249573	0.246637	0.253062	0.251507	0.248759	0.257850	0.000000	0.244177	0.253227	0.321535	0.290160	0.248076	0.323501	0.246571	0.246378	0.251068	0.251560	0.248648	0.324922	0.252027	0.256388	0.256830	0.249717	0.249088	0.246198	0.258719	0.250913	0.252107	0.249968	0.248131	0.248315	0.243141	0.249685	0.323905	0.251305	0.248107	0.266152	0.244619	0.250687	0.327397	0.247307	0.248895	0.320186	0.251647	0.257698	0.248511	0.248604	0.253511	0.266236	0.249356	0.248214	0.253441	0.251634	0.247088	0.249400	0.253890	0.257360	0.250504	0.247108	0.250993	0.249746	0.291835	0.251010	0.253162	0.250348	0.247747	0.254447	0.321656	0.322983	0.249827	0.247785	0.247599	0.252803	0.254851	0.249765	0.253131	0.246860	0.248786	0.248718	0.248412	0.246352	0.250567	0.252697	0.244312	0.249890	0.251307	0.253665	0.248788	0.252913	0.323639	0.253829	0.248946	0.249085	0.254902	0.246136	0.254807	0.248790	0.310921	0.251923	0.249497	0.250269	0.251362	0.244541	0.250347	0.250111	0.247698	0.253658	0.251126	0.250331	0.319691	0.265224	0.319676	0.262652	0.256127	0.322923	0.322201	0.325286	0.318099	0.321271	0.315743	0.327260	0.259778	0.317242	0.316706	0.320759	0.267386	0.317917	0.321351	0.263378	0.245369	0.251569	0.245936	0.262397	0.325142	0.264667	0.250653	0.245629	0.269068	0.265445	0.321433	0.246562	0.315217	0.253554	0.316196	0.267549	0.248777	0.323233	0.321199	0.251849	0.251059	0.255168	0.253091	0.260169	0.246577	0.299455	0.251571	0.253572	0.297218	0.296502	0.253505	0.252856	0.253209	0.251251	0.254387	0.251353	0.248267	0.255051	0.245118	0.257748	0.264029	0.247218	0.274510	0.261697	0.244112	0.252800	0.251440	0.251765	0.247747	0.262844	0.270903	0.253429	0.296727	0.252116	0.252323	0.245415	0.254239	0.254054	0.250714	0.271585	0.251181	0.296781	0.253469	0.292420	0.250276	0.249909	0.254442	0.253110	0.253007	0.245136	0.254270	0.252041	0.247696	0.262462	0.253259	0.252628	0.246409	0.258105	0.268462	0.260003	0.243778	0.255402	0.251671	0.262081	0.251494	0.259288	0.248060	0.244345	0.256145	
0.250552	0.251435	0.256845	0.247952	0.250078	0.257609	0.250473	0.256002	0.244177	0.000000	0.252791	0.318776	0.286648	0.253874	0.322219	0.248518	0.246228	0.251024	0.252954	0.250032	0.319188	0.249714	0.258888	0.253630	0.247680	0.250788	0.250174	0.256826	0.252086	0.246584	0.250718	0.254190	0.251373	0.253679	0.244522	0.320707	0.247540	0.247318	0.261535	0.247246	0.252544	0.323118	0.244532	0.254034	0.319072	0.251402	0.255774	0.244697	0.250611	0.251418	0.260762	0.245224	0.248080	0.251813	0.249732	0.248446	0.245153	0.248199	0.253940	0.242596	0.246675	0.253808	0.254615	0.285593	0.252392	0.250414	0.252349	0.248215	0.252379	0.322026	0.324349	0.247243	0.244010	0.244160	0.249842	0.250253	0.249040	0.253755	0.247416	0.244557	0.247569	0.245079	0.246483	0.254224	0.251570	0.250299	0.254625	0.252162	0.253108	0.250331	0.251863	0.325284	0.250063	0.252145	0.251965	0.249953	0.250000	0.252189	0.248077	0.310070	0.249288	0.248810	0.246856	0.250691	0.242781	0.253689	0.249636	0.246237	0.243295	0.251130	0.245513	0.318762	0.266610	0.321419	0.264832	0.245783	0.321386	0.329518	0.324615	0.322980	0.321981	0.313886	0.323427	0.260522	0.321990	0.326611	0.316812	0.262953	0.318489	0.320939	0.266214	0.248486	0.245672	0.250813	0.254946	0.318824	0.264880	0.253993	0.246391	0.266148	0.265768	0.321132	0.247749	0.311028	0.246335	0.316955	0.266882	0.241221	0.326226	0.321748	0.251838	0.249369	0.248645	0.253569	0.249333	0.242933	0.295564	0.248515	0.249092	0.292944	0.292451	0.250586	0.249611	0.249323	0.256742	0.252143	0.249246	0.249531	0.253558	0.246650	0.254283	0.257181	0.246679	0.257736	0.250369	0.247413	0.249306	0.248274	0.248097	0.244866	0.251984	0.268418	0.245739	0.290416	0.243456	0.248233	0.247578	0.246002	0.255934	0.251450	0.267284	0.257064	0.293582	0.255748	0.290654	0.244025	0.249673	0.249890	0.256036	0.252169	0.243023	0.247455	0.255577	0.247896	0.258313	0.251282	0.248953	0.248089	0.255436	0.271718	0.256158	0.247979	0.257595	0.250697	0.257261	0.247678	0.255104	0.251945	0.248614	0.252616	
0.259085	0.252383	0.252496	0.250905	0.253252	0.258360	0.256606	0.257590	0.253227	0.252791	0.000000	0.320771	0.289443	0.257489	0.327799	0.250652	0.256299	0.252033	0.256788	0.261060	0.325010	0.257846	0.254983	0.262418	0.251304	0.260604	0.251610	0.261762	0.256100	0.256955	0.255886	0.262706	0.253916	0.247772	0.255234	0.318216	0.255103	0.255201	0.260936	0.251666	0.252908	0.327780	0.258420	0.256702	0.319298	0.257729	0.252626	0.250576	0.256854	0.255399	0.271312	0.252684	0.247705	0.257784	0.256715	0.255505	0.256242	0.255029	0.229209	0.254277	0.255400	0.258469	0.255416	0.290458	0.251245	0.254354	0.255948	0.252929	0.254718	0.321109	0.323735	0.256987	0.252986	0.252426	0.254522	0.254472	0.247243	0.256458	0.253254	0.257673	0.258104	0.256901	0.254673	0.254514	0.259338	0.253321	0.253867	0.254596	0.256663	0.256627	0.254806	0.327413	0.254742	0.253688	0.259142	0.258813	0.256229	0.252280	0.251621	0.311514	0.253936	0.257193	0.259039	0.254351	0.250510	0.256222	0.255060	0.253253	0.256350	0.263884	0.253662	0.320483	0.266104	0.324642	0.269194	0.248563	0.327446	0.323668	0.327794	0.323522	0.321021	0.310425	0.327172	0.265100	0.326477	0.314040	0.324512	0.266392	0.322813	0.327063	0.267247	0.255296	0.244835	0.253549	0.258365	0.323520	0.263154	0.249921	0.250483	0.262902	0.265722	0.321424	0.248890	0.317657	0.257539	0.316967	0.265310	0.255166	0.328269	0.324089	0.250530	0.254986	0.253672	0.250799	0.253332	0.251736	0.294826	0.250637	0.249496	0.295505	0.297034	0.255790	0.261723	0.254769	0.256497	0.255327	0.254690	0.255289	0.261412	0.255048	0.252284	0.263712	0.250266	0.282857	0.258806	0.255179	0.256540	0.255615	0.253368	0.253824	0.255525	0.273403	0.252963	0.300930	0.254106	0.254164	0.257689	0.260254	0.249260	0.248680	0.282372	0.254973	0.295493	0.256046	0.295652	0.253396	0.254191	0.251743	0.271168	0.251952	0.250656	0.248205	0.249139	0.262211	0.260218	0.259179	0.255613	0.255662	0.253346	0.269541	0.265300	0.257642	0.255798	0.254088	0.262502	0.257305	0.260430	0.256925	0.252017	0.256441	
0.319857	0.320529	0.323545	0.319127	0.323488	0.318248	0.320339	0.322529	0.321535	0.318776	0.320771	0.000000	0.291405	0.322037	0.249472	0.316151	0.319019	0.316751	0.324156	0.317725	0.250347	0.322322	0.321547	0.320366	0.312893	0.322229	0.317765	0.322483	0.323827	0.316599	0.323991	0.324714	0.320179	0.314058	0.319432	0.250351	0.319992	0.323662	0.313991	0.317684	0.317360	0.249966	0.315639	0.319547	0.247148	0.323853	0.322345	0.316765	0.322643	0.318528	0.313673	0.323615	0.314945	0.320456	0.327593	0.319566	0.322198	0.318530	0.321167	0.318120	0.316519	0.319489	0.313265	0.286688	0.321766	0.315814	0.320923	0.317781	0.321031	0.249453	0.247363	0.316699	0.315111	0.319357	0.321083	0.321061	0.316367	0.324943	0.319609	0.324187	0.317651	0.318594	0.317331	0.322698	0.324884	0.318809	0.320594	0.318978	0.320345	0.315390	0.327341	0.242082	0.320654	0.317110	0.326411	0.318454	0.317148	0.324155	0.320936	0.270899	0.321287	0.317666	0.317802	0.319631	0.313422	0.315820	0.321972	0.316655	0.323070	0.318586	0.317312	0.238751	0.308088	0.246071	0.310487	0.324004	0.252540	0.248410	0.245007	0.243290	0.242984	0.260673	0.245397	0.313056	0.248418	0.244803	0.240776	0.310588	0.247209	0.240291	0.300628	0.315591	0.315002	0.318580	0.315567	0.245340	0.308068	0.322223	0.316671	0.317816	0.311602	0.245314	0.310859	0.247595	0.322796	0.247799	0.309303	0.319849	0.243481	0.244381	0.321539	0.319637	0.324357	0.321646	0.320861	0.318483	0.286913	0.319404	0.320011	0.295852	0.290263	0.326104	0.324933	0.319644	0.322318	0.326360	0.324645	0.323886	0.319304	0.319087	0.318248	0.310624	0.316808	0.300544	0.327056	0.314403	0.316412	0.319670	0.323854	0.322157	0.329433	0.299733	0.317808	0.292082	0.322223	0.323385	0.319555	0.320184	0.321141	0.319677	0.296486	0.322183	0.284372	0.318396	0.288898	0.318538	0.320574	0.329716	0.330530	0.318871	0.323922	0.326458	0.321497	0.323160	0.330257	0.323680	0.321424	0.315653	0.319510	0.284165	0.302275	0.323082	0.317827	0.327215	0.325174	0.321754	0.321082	0.312588	0.317254	0.320095	
0.292134	0.289700	0.293156	0.283608	0.294309	0.291179	0.287323	0.294609	0.290160	0.286648	0.289443	0.291405	0.000000	0.291897	0.298289	0.289801	0.288719	0.294551	0.289215	0.291104	0.300701	0.294193	0.292976	0.291787	0.290810	0.297918	0.289649	0.296570	0.287787	0.288208	0.290314	0.296251	0.290065	0.286357	0.293679	0.298783	0.286107	0.288480	0.292493	0.289617	0.292674	0.297878	0.289484	0.294042	0.289951	0.296760	0.301238	0.291256	0.298579	0.293053	0.291088	0.293948	0.290632	0.293017	0.293018	0.289929	0.295116	0.291059	0.291517	0.291762	0.287648	0.292277	0.289068	0.189433	0.293785	0.293603	0.294221	0.285551	0.288645	0.292220	0.293536	0.294654	0.288886	0.292738	0.296762	0.296169	0.287482	0.295003	0.291848	0.289883	0.289392	0.291306	0.283856	0.299273	0.296362	0.282235	0.294047	0.291468	0.293936	0.286261	0.294781	0.292009	0.292622	0.293324	0.288248	0.291395	0.287868	0.302901	0.292706	0.246082	0.289923	0.290011	0.295323	0.288388	0.283619	0.292798	0.289428	0.285791	0.292041	0.290662	0.289872	0.295657	0.288437	0.293065	0.293798	0.290919	0.289678	0.299302	0.294833	0.297787	0.291932	0.287998	0.304043	0.290366	0.295223	0.289492	0.290943	0.288440	0.292794	0.296727	0.289775	0.289621	0.288127	0.295603	0.299609	0.296273	0.297621	0.290729	0.291371	0.296250	0.291367	0.298393	0.285996	0.292003	0.295354	0.292144	0.294812	0.285973	0.296728	0.291145	0.296798	0.288463	0.291650	0.298299	0.291688	0.287936	0.192985	0.299748	0.291233	0.198054	0.185342	0.294154	0.291514	0.292912	0.294250	0.291986	0.300354	0.290591	0.294489	0.286916	0.291891	0.286322	0.291374	0.295209	0.291300	0.289826	0.293808	0.293636	0.289807	0.293770	0.294308	0.243303	0.298009	0.196144	0.291192	0.294704	0.290886	0.295368	0.295189	0.296386	0.292598	0.295761	0.188569	0.297222	0.192418	0.292437	0.297566	0.286783	0.294108	0.290437	0.289423	0.295083	0.293367	0.294034	0.291827	0.288595	0.290599	0.289562	0.289545	0.291691	0.291198	0.291987	0.300443	0.292843	0.293539	0.290308	0.295304	0.287577	0.295536	0.291723	
0.252763	0.258091	0.255745	0.252158	0.257481	0.253343	0.249323	0.256095	0.248076	0.253874	0.257489	0.322037	0.291897	0.000000	0.325768	0.250536	0.255192	0.251749	0.257807	0.260162	0.327949	0.251635	0.254867	0.255192	0.245469	0.253265	0.248544	0.252756	0.256459	0.257281	0.257657	0.257763	0.249022	0.255252	0.257168	0.324667	0.257352	0.253560	0.266575	0.249343	0.253017	0.332756	0.253710	0.253213	0.320373	0.255098	0.260955	0.252032	0.255971	0.254019	0.268791	0.247336	0.250555	0.252332	0.254818	0.249419	0.254859	0.254767	0.255799	0.249811	0.255310	0.251895	0.246325	0.294056	0.250570	0.254906	0.253426	0.253600	0.253798	0.326975	0.330267	0.253842	0.251466	0.255191	0.251911	0.252075	0.251870	0.252303	0.253086	0.252500	0.249413	0.256829	0.255107	0.256104	0.256803	0.250362	0.253313	0.257702	0.256168	0.251057	0.256706	0.326665	0.254565	0.253626	0.256287	0.258236	0.244768	0.255662	0.254551	0.313844	0.253905	0.250415	0.255105	0.249865	0.253368	0.249557	0.252896	0.251755	0.250142	0.258174	0.253853	0.325982	0.268558	0.323760	0.269501	0.253121	0.323910	0.326864	0.327360	0.328820	0.324010	0.323150	0.330977	0.267521	0.328627	0.321308	0.320750	0.267973	0.320900	0.323372	0.270795	0.253469	0.257413	0.252438	0.263338	0.326272	0.266303	0.254818	0.251428	0.273479	0.272188	0.333735	0.255109	0.322742	0.257293	0.321276	0.267096	0.248674	0.332429	0.325543	0.252561	0.253190	0.248206	0.252847	0.256718	0.248899	0.306796	0.266405	0.254813	0.300914	0.300938	0.254575	0.255779	0.256004	0.255724	0.252367	0.258130	0.255402	0.262758	0.253857	0.259660	0.269145	0.254835	0.278716	0.254422	0.250133	0.255085	0.255889	0.254280	0.254360	0.258351	0.273489	0.257215	0.300047	0.250738	0.255402	0.252240	0.258333	0.260824	0.254624	0.269332	0.260745	0.297954	0.256072	0.301069	0.251464	0.254886	0.253003	0.265193	0.255430	0.248595	0.251561	0.252948	0.253917	0.262787	0.257310	0.255224	0.255527	0.257800	0.293514	0.269731	0.255253	0.255826	0.260247	0.262760	0.253603	0.253413	0.251512	0.252734	0.249294	
0.324620	0.322806	0.326937	0.326678	0.330182	0.323502	0.323131	0.327520	0.323501	0.322219	0.327799	0.249472	0.298289	0.325768	0.000000	0.323695	0.324312	0.324956	0.329190	0.327148	0.260483	0.321266	0.329412	0.318737	0.322808	0.330296	0.326111	0.329322	0.330916	0.319548	0.328754	0.331034	0.327355	0.322551	0.325157	0.257424	0.326420	0.326519	0.323743	0.322214	0.327681	0.259289	0.325327	0.319857	0.262497	0.331786	0.322823	0.323294	0.328165	0.328165	0.319552	0.329973	0.319748	0.324677	0.329568	0.325098	0.325242	0.322111	0.324790	0.324296	0.322181	0.327117	0.321419	0.294705	0.331710	0.325518	0.326549	0.323836	0.325907	0.252351	0.255190	0.321583	0.320483	0.324394	0.326142	0.326769	0.319974	0.326305	0.324638	0.324724	0.325584	0.325532	0.325878	0.328904	0.324234	0.323273	0.321211	0.324644	0.329582	0.320052	0.332255	0.256807	0.326298	0.324824	0.330726	0.328408	0.320202	0.329286	0.324139	0.274817	0.324042	0.326799	0.322424	0.320014	0.322142	0.324140	0.324575	0.322417	0.326615	0.321047	0.320800	0.246341	0.310556	0.248571	0.320515	0.325241	0.252536	0.254801	0.249104	0.253290	0.251409	0.267763	0.251561	0.313492	0.253837	0.256966	0.249095	0.313453	0.245453	0.255168	0.312747	0.318730	0.319731	0.324105	0.325119	0.261257	0.315764	0.327625	0.321295	0.325911	0.321497	0.249542	0.320052	0.252986	0.325133	0.249617	0.318215	0.321342	0.249914	0.245037	0.326452	0.325303	0.327376	0.324836	0.326538	0.325505	0.296988	0.323560	0.321412	0.300896	0.296266	0.331241	0.328625	0.323766	0.331662	0.329370	0.330830	0.323714	0.325879	0.325413	0.321434	0.308062	0.324125	0.305324	0.329334	0.316913	0.327780	0.325085	0.325436	0.324133	0.333534	0.310635	0.323053	0.301846	0.317738	0.321233	0.327208	0.323439	0.322874	0.322323	0.317675	0.323413	0.294982	0.318252	0.297223	0.325939	0.330898	0.326962	0.332070	0.329297	0.325802	0.329933	0.325909	0.329547	0.336791	0.333701	0.327361	0.323347	0.324842	0.297915	0.308110	0.322157	0.321242	0.327588	0.326062	0.328371	0.326292	0.319728	0.322073	0.321341	
0.250866	0.249796	0.249826	0.248240	0.252068	0.252259	0.247172	0.255350	0.246571	0.248518	0.250652	0.316151	0.289801	0.250536	0.323695	0.000000	0.250016	0.247391	0.252341	0.250519	0.324102	0.250063	0.257206	0.257035	0.248977	0.253397	0.249227	0.254926	0.249559	0.254872	0.245908	0.246343	0.247120	0.245718	0.247229	0.314155	0.250912	0.251408	0.265237	0.250283	0.251572	0.328902	0.250724	0.252604	0.323138	0.254128	0.252639	0.252928	0.253034	0.250746	0.263769	0.248051	0.245067	0.254464	0.250314	0.248309	0.251217	0.248409	0.252355	0.249890	0.248037	0.250677	0.252205	0.294729	0.250679	0.252572	0.254965	0.246834	0.249246	0.325454	0.327951	0.250723	0.251367	0.248792	0.253011	0.247819	0.245201	0.249591	0.244520	0.250694	0.250617	0.249292	0.248962	0.251451	0.257222	0.252295	0.246411	0.243075	0.253917	0.252627	0.251765	0.325228	0.251859	0.251180	0.253490	0.257926	0.250867	0.258812	0.251273	0.309437	0.253154	0.244569	0.247906	0.252657	0.247191	0.249511	0.246085	0.245568	0.249241	0.262275	0.249528	0.325600	0.269256	0.323913	0.267087	0.243852	0.325249	0.329925	0.330897	0.321844	0.321134	0.309429	0.325211	0.268041	0.324133	0.322322	0.314947	0.263559	0.320425	0.327860	0.262771	0.250407	0.251537	0.250135	0.250918	0.324287	0.267413	0.249829	0.249600	0.267027	0.267387	0.324530	0.245797	0.316614	0.252721	0.321108	0.265706	0.249722	0.330605	0.321721	0.251211	0.248990	0.255310	0.249263	0.255570	0.249761	0.296706	0.253965	0.250646	0.294427	0.295175	0.251379	0.253133	0.254246	0.255613	0.259028	0.250207	0.245828	0.254808	0.246826	0.246251	0.267411	0.248518	0.268839	0.255337	0.250616	0.242488	0.252242	0.253549	0.248970	0.257073	0.271632	0.248146	0.297927	0.246395	0.247299	0.245530	0.251350	0.254321	0.248131	0.273864	0.252193	0.296453	0.252050	0.292532	0.251282	0.253317	0.253107	0.256744	0.254480	0.250946	0.255054	0.254111	0.251796	0.265292	0.249361	0.249445	0.252378	0.259602	0.276808	0.260307	0.251291	0.249667	0.254315	0.260816	0.249285	0.256988	0.254078	0.244157	0.254256	
0.250142	0.251825	0.251315	0.250534	0.252894	0.251407	0.254089	0.258044	0.246378	0.246228	0.256299	0.319019	0.288719	0.255192	0.324312	0.250016	0.000000	0.255299	0.248694	0.252471	0.320295	0.246547	0.256641	0.253464	0.252441	0.251322	0.253583	0.252571	0.250946	0.248781	0.251942	0.253753	0.243855	0.252205	0.251795	0.318656	0.252816	0.251127	0.263658	0.247342	0.256546	0.329256	0.243196	0.250663	0.324879	0.251131	0.253634	0.248004	0.255154	0.254974	0.260873	0.250000	0.244872	0.251337	0.253035	0.244045	0.250363	0.246500	0.259049	0.245451	0.252438	0.253972	0.251016	0.291282	0.244141	0.250206	0.254590	0.248598	0.252421	0.320183	0.324688	0.251210	0.248271	0.248210	0.248549	0.251186	0.248399	0.248616	0.248900	0.252527	0.243694	0.249528	0.246554	0.256155	0.250856	0.248616	0.251433	0.250047	0.252929	0.248253	0.250819	0.323867	0.251985	0.248883	0.251774	0.256842	0.250584	0.252577	0.249087	0.309398	0.249479	0.251421	0.254858	0.255129	0.252163	0.247979	0.246857	0.247679	0.253236	0.253774	0.249417	0.321267	0.263099	0.321158	0.268956	0.245568	0.321546	0.326711	0.322156	0.320213	0.319192	0.317854	0.321461	0.259483	0.325859	0.315801	0.320589	0.264394	0.316685	0.320665	0.262758	0.246420	0.246843	0.255808	0.258613	0.320008	0.269873	0.249564	0.253859	0.265936	0.262873	0.321455	0.251529	0.311121	0.255050	0.318369	0.258399	0.245394	0.321987	0.320804	0.243698	0.256862	0.249543	0.252627	0.258252	0.249045	0.296368	0.250820	0.250550	0.296874	0.293331	0.253655	0.251093	0.247036	0.257930	0.247171	0.255116	0.250762	0.254066	0.249312	0.253022	0.260772	0.247463	0.274949	0.259692	0.251183	0.252833	0.252398	0.249438	0.255685	0.256621	0.276044	0.251639	0.297521	0.255430	0.248482	0.252204	0.256447	0.252406	0.252346	0.273028	0.254242	0.298169	0.254296	0.292728	0.245499	0.251432	0.255495	0.258322	0.253612	0.250572	0.249321	0.251351	0.251923	0.270053	0.250970	0.251519	0.250835	0.259568	0.266815	0.271312	0.249742	0.251517	0.248308	0.251821	0.254627	0.247961	0.254133	0.245368	0.254613	
0.247296	0.252513	0.256089	0.245463	0.250637	0.251805	0.252887	0.253199	0.251068	0.251024	0.252033	0.316751	0.294551	0.251749	0.324956	0.247391	0.255299	0.000000	0.251383	0.248554	0.324826	0.253179	0.258511	0.248726	0.248726	0.253032	0.251371	0.254636	0.251054	0.250082	0.254513	0.257734	0.257929	0.244718	0.247611	0.324244	0.250456	0.255032	0.260618	0.251380	0.254036	0.326677	0.247076	0.254097	0.321583	0.254751	0.261563	0.250759	0.253464	0.258517	0.263879	0.251428	0.250711	0.252167	0.246832	0.248170	0.253529	0.248459	0.257024	0.249261	0.250644	0.251605	0.255960	0.294683	0.253942	0.250619	0.249747	0.249025	0.250894	0.320695	0.324624	0.249074	0.249466	0.250329	0.253842	0.250063	0.250470	0.251603	0.247961	0.249779	0.251945	0.248287	0.249497	0.254832	0.252958	0.250707	0.252406	0.249953	0.252278	0.251225	0.253114	0.327337	0.247371	0.252938	0.251698	0.255338	0.248961	0.252448	0.250141	0.304421	0.255890	0.254844	0.251218	0.257158	0.246816	0.252174	0.254652	0.249732	0.252630	0.258153	0.252877	0.319795	0.258571	0.320498	0.266506	0.247996	0.324490	0.329513	0.325784	0.324153	0.322886	0.310253	0.324250	0.262499	0.322035	0.320806	0.319540	0.263026	0.321562	0.319584	0.262010	0.250966	0.252972	0.248972	0.260691	0.322878	0.268401	0.249006	0.250575	0.269563	0.262006	0.325093	0.250604	0.317821	0.255024	0.321260	0.268250	0.251549	0.326887	0.323346	0.252175	0.251058	0.253571	0.254235	0.256502	0.248364	0.301624	0.254006	0.253713	0.296109	0.297613	0.250795	0.253115	0.250707	0.254661	0.254813	0.252252	0.252892	0.263245	0.246813	0.258932	0.274049	0.247583	0.286815	0.254537	0.249867	0.249572	0.252878	0.255786	0.253165	0.258172	0.275966	0.248312	0.299969	0.255898	0.252716	0.260264	0.253060	0.252174	0.249982	0.268293	0.256345	0.297752	0.260161	0.294926	0.251882	0.254868	0.255130	0.253944	0.254540	0.251024	0.252335	0.254717	0.251903	0.256845	0.245588	0.254109	0.255426	0.266101	0.296819	0.263404	0.249630	0.258172	0.253338	0.259535	0.251956	0.255103	0.252694	0.255894	0.252918	
0.254476	0.255994	0.250112	0.250127	0.255284	0.256410	0.256099	0.256118	0.251560	0.252954	0.256788	0.324156	0.289215	0.257807	0.329190	0.252341	0.248694	0.251383	0.000000	0.253737	0.331175	0.253348	0.249888	0.252372	0.244047	0.255423	0.253399	0.260298	0.255867	0.256509	0.201128	0.252944	0.256242	0.251990	0.251322	0.325003	0.253162	0.254605	0.269813	0.251077	0.263336	0.336067	0.252675	0.251979	0.326159	0.259821	0.261826	0.255093	0.252448	0.253159	0.276314	0.250413	0.249728	0.255993	0.254195	0.248844	0.253626	0.254827	0.251799	0.251781	0.254559	0.253312	0.256923	0.292872	0.253209	0.255772	0.258368	0.254525	0.257657	0.327299	0.332353	0.255484	0.256242	0.253335	0.259106	0.249504	0.253806	0.253421	0.249032	0.258087	0.254277	0.250016	0.253116	0.258602	0.258225	0.254931	0.256467	0.249220	0.256955	0.255777	0.252975	0.330880	0.247579	0.253596	0.252967	0.255023	0.246144	0.258020	0.252942	0.312611	0.256364	0.253764	0.259493	0.257252	0.253174	0.253721	0.251836	0.251852	0.251252	0.257500	0.253439	0.330077	0.274983	0.325718	0.274969	0.250357	0.327976	0.330383	0.328424	0.323417	0.325907	0.321072	0.332849	0.273935	0.332951	0.327761	0.326895	0.277393	0.322010	0.327398	0.275897	0.252900	0.257111	0.251998	0.262702	0.326294	0.272148	0.257760	0.253334	0.277178	0.273230	0.329490	0.247939	0.322433	0.257855	0.325144	0.274672	0.251436	0.335795	0.325862	0.255642	0.252246	0.251812	0.252525	0.254764	0.251078	0.301884	0.256422	0.255362	0.290977	0.295823	0.202713	0.256228	0.256093	0.255109	0.255572	0.252357	0.251664	0.263042	0.251411	0.252597	0.246774	0.258112	0.264646	0.260103	0.249225	0.255893	0.252666	0.254880	0.254996	0.260297	0.268684	0.251492	0.300822	0.258992	0.255349	0.253641	0.261460	0.259349	0.256424	0.277722	0.257603	0.297381	0.257679	0.292293	0.253895	0.260691	0.251695	0.256231	0.259523	0.256101	0.261070	0.256920	0.253408	0.259013	0.254776	0.253846	0.252070	0.255866	0.278730	0.259519	0.257027	0.258387	0.252373	0.258640	0.253679	0.262144	0.247370	0.254647	0.253423	
0.255745	0.253330	0.252882	0.255153	0.252347	0.251455	0.252514	0.254757	0.248648	0.250032	0.261060	0.317725	0.291104	0.260162	0.327148	0.250519	0.252471	0.248554	0.253737	0.000000	0.326070	0.252074	0.254502	0.257317	0.251998	0.254764	0.253234	0.253906	0.251765	0.251943	0.256903	0.250174	0.250346	0.250646	0.250992	0.323514	0.250346	0.254052	0.266104	0.247859	0.253779	0.327818	0.252598	0.251010	0.321829	0.250361	0.257451	0.248686	0.253225	0.255700	0.267618	0.256978	0.250475	0.252499	0.253549	0.248920	0.255115	0.250614	0.253710	0.250488	0.250691	0.253386	0.247620	0.293972	0.253126	0.257165	0.252514	0.248425	0.251052	0.325238	0.326166	0.252026	0.251665	0.253060	0.249433	0.253036	0.251363	0.255223	0.250597	0.251420	0.255194	0.248364	0.251383	0.255110	0.255742	0.252829	0.249245	0.249497	0.255678	0.257271	0.255385	0.325700	0.250063	0.256841	0.250840	0.253988	0.247889	0.257739	0.254589	0.312187	0.252381	0.247845	0.249123	0.254807	0.251640	0.254594	0.249953	0.252115	0.251008	0.258686	0.254756	0.323849	0.265891	0.321300	0.266280	0.252984	0.323444	0.329224	0.328238	0.324159	0.320976	0.311960	0.322623	0.255906	0.328288	0.325201	0.322066	0.267131	0.313490	0.325594	0.261131	0.249441	0.256409	0.250101	0.256903	0.323876	0.269449	0.254182	0.249264	0.270102	0.271429	0.325662	0.249141	0.315389	0.252750	0.320594	0.273411	0.248482	0.321810	0.323497	0.257608	0.253825	0.253925	0.252301	0.259106	0.247359	0.303720	0.255699	0.254963	0.295222	0.298128	0.252370	0.263551	0.251613	0.254059	0.254064	0.250620	0.249013	0.261768	0.250928	0.250876	0.271632	0.249309	0.284146	0.256012	0.253094	0.251810	0.256280	0.247740	0.252412	0.244972	0.276035	0.258512	0.294435	0.251399	0.251582	0.245778	0.252483	0.253809	0.255328	0.278235	0.254119	0.301420	0.262173	0.294818	0.249968	0.260044	0.251566	0.250192	0.250502	0.253688	0.261631	0.254015	0.252526	0.258810	0.252697	0.249070	0.248977	0.268615	0.276974	0.266174	0.246552	0.254425	0.254861	0.256978	0.252904	0.253291	0.255515	0.246415	0.254032	
