0.000000	0.257623	0.253924	0.252128	0.256212	0.256381	0.255265	0.260524	0.256282	0.258335	0.254306	0.258313	0.262224	0.313762	0.290126	0.254443	0.318412	0.251287	0.253828	0.258203	0.257380	0.254925	0.253603	0.314710	0.255632	0.259382	0.253871	0.264042	0.253329	0.255810	0.255595	0.255935	0.261650	0.254833	0.253438	0.251714	0.257151	0.253657	0.313409	0.257526	0.259978	0.270912	0.253565	0.259932	0.320461	0.252668	0.261304	0.309485	0.258631	0.259266	0.256009	0.254112	0.254866	0.271231	0.257462	0.256707	0.255194	0.256392	0.254957	0.254827	0.257894	0.263293	0.253432	0.258530	0.254540	0.258648	0.289781	0.258939	0.255394	0.348148	0.255511	0.251511	0.347577	0.254987	0.318141	0.317169	0.250779	0.254159	0.253523	0.253922	0.255798	0.252109	0.259504	0.257701	0.258289	0.254081	0.355416	0.258304	0.254927	0.347325	0.259429	0.258345	0.357976	0.257669	0.252763	0.256397	0.250950	0.257941	0.253783	0.255101	0.259208	0.318418	0.254520	0.256161	0.255468	0.253804	0.249495	0.259867	0.254671	0.311343	0.253453	0.255557	0.256838	0.257897	0.257547	0.255343	0.258960	0.256303	0.254062	0.261279	0.263547	0.259873	
0.257623	0.000000	0.118914	0.255306	0.262435	0.261486	0.259649	0.262213	0.259380	0.260230	0.257127	0.259718	0.265130	0.318265	0.289829	0.256596	0.317945	0.256859	0.255113	0.256564	0.260906	0.258633	0.254638	0.319205	0.260344	0.262893	0.258734	0.260862	0.254281	0.254741	0.258773	0.258853	0.263184	0.259314	0.258874	0.258486	0.257641	0.258397	0.313742	0.259559	0.259854	0.269691	0.262632	0.263203	0.318869	0.259630	0.262158	0.313586	0.258186	0.270002	0.262817	0.249853	0.258095	0.273884	0.262038	0.263515	0.259818	0.259918	0.257835	0.257838	0.256573	0.261518	0.258377	0.255069	0.254767	0.262484	0.289099	0.255387	0.260163	0.347710	0.260099	0.257902	0.343969	0.261291	0.319982	0.318988	0.257872	0.256187	0.256226	0.256903	0.261986	0.252797	0.263813	0.264431	0.262631	0.262035	0.350517	0.261957	0.252554	0.344344	0.255304	0.262022	0.357810	0.259559	0.258992	0.262729	0.257087	0.258672	0.255791	0.263812	0.263525	0.316862	0.261033	0.258041	0.260954	0.256920	0.259151	0.262611	0.254645	0.310206	0.257604	0.260047	0.261728	0.263502	0.256217	0.260603	0.258487	0.257370	0.256428	0.261073	0.263921	0.259078	
0.253924	0.118914	0.000000	0.254987	0.259987	0.260962	0.256167	0.263861	0.256015	0.260441	0.256539	0.258744	0.261816	0.317144	0.290104	0.257023	0.315249	0.255355	0.253883	0.258558	0.261129	0.258077	0.255892	0.316506	0.260289	0.264286	0.258725	0.259947	0.255661	0.253105	0.258454	0.258205	0.262752	0.257644	0.257205	0.256503	0.258587	0.258048	0.316075	0.260039	0.260060	0.269407	0.260707	0.262683	0.318833	0.258344	0.261371	0.309989	0.259113	0.267912	0.262716	0.253223	0.255844	0.274864	0.259038	0.263900	0.259384	0.259262	0.255270	0.254827	0.260492	0.264596	0.260358	0.256636	0.256201	0.261571	0.291967	0.254174	0.258836	0.349253	0.256623	0.259034	0.345665	0.260525	0.320983	0.315914	0.255719	0.254678	0.257357	0.256751	0.259454	0.251726	0.262262	0.261537	0.260400	0.262614	0.354015	0.262043	0.252505	0.348216	0.256489	0.259363	0.356981	0.260416	0.260739	0.260695	0.253637	0.259736	0.253953	0.262004	0.262030	0.314695	0.261129	0.257104	0.259125	0.254147	0.259062	0.259766	0.259681	0.308652	0.255020	0.257319	0.259603	0.265705	0.255563	0.256663	0.258644	0.253938	0.256319	0.262336	0.262360	0.259718	
0.252128	0.255306	0.254987	0.000000	0.255560	0.261698	0.252129	0.257081	0.252486	0.257903	0.255232	0.255695	0.256078	0.315072	0.292149	0.249954	0.319895	0.253073	0.251243	0.257792	0.258701	0.253712	0.254515	0.315663	0.253157	0.257039	0.258220	0.255765	0.255351	0.251099	0.253167	0.254120	0.256885	0.250770	0.256179	0.252254	0.254928	0.257046	0.318226	0.254273	0.259921	0.274970	0.252130	0.260239	0.318797	0.252938	0.258706	0.309612	0.253724	0.268183	0.255049	0.252034	0.255942	0.276136	0.256852	0.262896	0.258910	0.260098	0.239786	0.256299	0.256178	0.258442	0.254369	0.253823	0.254959	0.254053	0.291944	0.253596	0.256972	0.350111	0.258552	0.257557	0.347840	0.259969	0.316824	0.312003	0.252601	0.255066	0.255997	0.255897	0.257434	0.258601	0.260231	0.261876	0.255970	0.254408	0.354371	0.257252	0.254192	0.347067	0.254273	0.253899	0.356918	0.253080	0.253563	0.257322	0.252330	0.253505	0.251333	0.254706	0.256929	0.317709	0.252210	0.254343	0.257980	0.250851	0.253967	0.258904	0.253111	0.309861	0.256714	0.256321	0.255993	0.256749	0.250284	0.258542	0.255904	0.257231	0.255691	0.255162	0.260891	0.254097	
0.256212	0.262435	0.259987	0.255560	0.000000	0.262575	0.252680	0.258488	0.254472	0.262823	0.255666	0.259916	0.257243	0.322543	0.288335	0.260171	0.321498	0.256855	0.257642	0.259896	0.261514	0.257772	0.258916	0.320062	0.255483	0.261270	0.256258	0.254721	0.255879	0.254763	0.260901	0.253962	0.255659	0.255383	0.259692	0.258853	0.252953	0.260107	0.312558	0.261630	0.258344	0.265905	0.257988	0.261198	0.323658	0.255132	0.260238	0.314968	0.256881	0.264682	0.260558	0.255332	0.257808	0.277596	0.255440	0.253736	0.259033	0.260144	0.255814	0.255471	0.258286	0.264348	0.259296	0.258090	0.255641	0.258144	0.291093	0.259615	0.255742	0.352917	0.260047	0.261019	0.351732	0.258823	0.315818	0.319374	0.254994	0.257399	0.258756	0.252071	0.256334	0.254594	0.262843	0.263339	0.258416	0.259476	0.359186	0.258871	0.258159	0.354367	0.259351	0.259758	0.362732	0.259106	0.257668	0.259455	0.256311	0.255184	0.259885	0.257441	0.259069	0.319309	0.256510	0.257732	0.258073	0.257029	0.257395	0.260542	0.252689	0.309505	0.258833	0.256382	0.261794	0.262237	0.257086	0.258531	0.260052	0.257030	0.255749	0.260071	0.265630	0.261066	
0.256381	0.261486	0.260962	0.261698	0.262575	0.000000	0.257188	0.267982	0.258332	0.263004	0.261541	0.259832	0.260269	0.319632	0.293956	0.256304	0.319752	0.259219	0.254837	0.258614	0.259797	0.258238	0.258637	0.316849	0.258699	0.262434	0.258772	0.259923	0.260363	0.256378	0.260655	0.254241	0.262793	0.261122	0.262405	0.260229	0.258961	0.261370	0.322404	0.256163	0.262257	0.272939	0.259097	0.258974	0.322203	0.258240	0.260383	0.315110	0.258152	0.265244	0.263802	0.255053	0.253885	0.273105	0.259634	0.261137	0.116887	0.260401	0.252288	0.257487	0.258045	0.266793	0.258178	0.256892	0.259248	0.264035	0.293228	0.259228	0.262942	0.351393	0.262228	0.260308	0.348923	0.261532	0.317955	0.323575	0.257019	0.261081	0.257993	0.256253	0.258193	0.255388	0.261970	0.263152	0.259395	0.260313	0.356024	0.258441	0.259587	0.351507	0.258509	0.261347	0.360706	0.257733	0.255053	0.259425	0.255083	0.258567	0.253297	0.257769	0.260324	0.321016	0.259432	0.255104	0.263072	0.260786	0.257514	0.259254	0.255659	0.314491	0.260582	0.258891	0.260112	0.259297	0.257609	0.261857	0.259391	0.258936	0.259482	0.259592	0.265460	0.262097	
0.255265	0.259649	0.256167	0.252129	0.252680	0.257188	0.000000	0.258218	0.256725	0.261392	0.256832	0.255995	0.259203	0.315776	0.289884	0.257274	0.318377	0.251455	0.252406	0.257818	0.259711	0.255023	0.253000	0.313394	0.252619	0.259064	0.254146	0.254830	0.254951	0.257984	0.260522	0.254820	0.258920	0.253187	0.254135	0.256045	0.252910	0.253082	0.318114	0.253809	0.258220	0.271431	0.254865	0.260903	0.319252	0.254818	0.261216	0.313202	0.258551	0.262848	0.257353	0.255461	0.228724	0.280591	0.258344	0.233179	0.256795	0.258892	0.253708	0.256018	0.257584	0.261409	0.254862	0.252070	0.259281	0.259359	0.293778	0.258330	0.255266	0.344781	0.253268	0.257013	0.341982	0.257140	0.317269	0.317696	0.254690	0.255495	0.252584	0.255096	0.255169	0.251672	0.263385	0.258059	0.259745	0.256290	0.351480	0.258502	0.253745	0.345384	0.253421	0.259378	0.356405	0.260142	0.253885	0.259486	0.254844	0.253458	0.250466	0.256464	0.260106	0.311822	0.259643	0.251709	0.255908	0.255058	0.255492	0.258580	0.249466	0.310985	0.254154	0.256338	0.257272	0.263021	0.255783	0.254900	0.257096	0.254773	0.252775	0.253914	0.263209	0.257673	
0.260524	0.262213	0.263861	0.257081	0.258488	0.267982	0.258218	0.000000	0.260309	0.261496	0.260659	0.265767	0.270473	0.315135	0.296217	0.257456	0.321074	0.258318	0.258355	0.261745	0.263323	0.259311	0.255868	0.313524	0.254101	0.264788	0.251687	0.259617	0.260784	0.257940	0.260828	0.259671	0.259975	0.263745	0.261849	0.262017	0.261804	0.261184	0.324888	0.262164	0.262203	0.271827	0.255845	0.264491	0.321875	0.259453	0.262624	0.312656	0.266246	0.269036	0.264779	0.257639	0.264146	0.278993	0.265298	0.265555	0.269882	0.260273	0.257505	0.260534	0.257182	0.269719	0.258739	0.256679	0.261841	0.265196	0.295842	0.262460	0.259858	0.351581	0.255482	0.265267	0.347241	0.262782	0.317567	0.315360	0.263672	0.257446	0.260681	0.259701	0.260179	0.259154	0.260164	0.257569	0.264600	0.269802	0.356767	0.262596	0.264766	0.343603	0.260870	0.257310	0.355433	0.265082	0.252636	0.261367	0.254423	0.262474	0.261385	0.261564	0.264247	0.318066	0.262474	0.259913	0.272470	0.264063	0.257285	0.258217	0.260597	0.309370	0.262904	0.260150	0.257698	0.253596	0.258807	0.260229	0.261757	0.264148	0.260082	0.252313	0.261216	0.256772	
0.256282	0.259380	0.256015	0.252486	0.254472	0.258332	0.256725	0.260309	0.000000	0.260960	0.253948	0.256253	0.263309	0.317687	0.286144	0.251963	0.314895	0.250149	0.256205	0.259009	0.261095	0.256905	0.250647	0.317705	0.252514	0.262008	0.255539	0.256441	0.253435	0.250809	0.257206	0.252729	0.260488	0.255120	0.254605	0.254152	0.255200	0.251945	0.317968	0.255001	0.256518	0.264734	0.256193	0.256154	0.319300	0.256205	0.256552	0.310061	0.252991	0.264015	0.260485	0.248394	0.254468	0.269577	0.254494	0.255348	0.254394	0.257178	0.250531	0.251421	0.255426	0.261819	0.255456	0.252190	0.254912	0.253284	0.290502	0.255102	0.255270	0.350550	0.257991	0.256836	0.351182	0.251003	0.315037	0.313463	0.252407	0.254066	0.254195	0.255909	0.257440	0.253748	0.261118	0.257558	0.257340	0.253766	0.356240	0.257852	0.254093	0.347221	0.254854	0.257773	0.359215	0.257637	0.252253	0.255991	0.253539	0.256140	0.253802	0.256920	0.259503	0.312887	0.255892	0.256291	0.257750	0.253743	0.254987	0.260441	0.256469	0.308178	0.260063	0.251894	0.257858	0.260949	0.248306	0.254423	0.260015	0.258690	0.257254	0.260708	0.263009	0.257444	
0.258335	0.260230	0.260441	0.257903	0.262823	0.263004	0.261392	0.261496	0.260960	0.000000	0.259741	0.263901	0.263997	0.317597	0.291044	0.261843	0.320328	0.256429	0.258450	0.261473	0.263658	0.260232	0.258391	0.320076	0.257321	0.261370	0.263639	0.263811	0.258546	0.259248	0.263144	0.258498	0.264381	0.257985	0.259766	0.258013	0.261996	0.260460	0.314613	0.264021	0.262658	0.273282	0.261558	0.266165	0.322611	0.255556	0.266189	0.316431	0.256135	0.267635	0.264003	0.258412	0.259803	0.277420	0.261809	0.260784	0.259733	0.259887	0.248856	0.261536	0.264654	0.200940	0.257850	0.259087	0.257889	0.264038	0.293271	0.265231	0.260492	0.351611	0.262628	0.261247	0.352442	0.261678	0.320373	0.316942	0.259117	0.261061	0.260482	0.259957	0.260346	0.257564	0.266341	0.265059	0.261230	0.260011	0.358911	0.261901	0.258321	0.350762	0.258751	0.264880	0.362785	0.258166	0.259739	0.261672	0.260555	0.257276	0.260240	0.258401	0.262801	0.319724	0.261999	0.263160	0.264715	0.258110	0.256772	0.261920	0.255037	0.313045	0.263306	0.262001	0.261296	0.265315	0.256510	0.258667	0.259131	0.263107	0.262144	0.256545	0.266173	0.260323	
0.254306	0.257127	0.256539	0.255232	0.255666	0.261541	0.256832	0.260659	0.253948	0.259741	0.000000	0.259058	0.263289	0.316047	0.290263	0.253809	0.319371	0.253081	0.249099	0.259230	0.262099	0.261694	0.253761	0.316456	0.251408	0.260543	0.255766	0.255690	0.254454	0.252416	0.265482	0.256650	0.261883	0.258922	0.254850	0.254875	0.253187	0.259181	0.321735	0.263292	0.254319	0.274989	0.255374	0.258485	0.318855	0.255266	0.255398	0.311355	0.258648	0.266169	0.258161	0.254769	0.257208	0.276387	0.253699	0.257583	0.256791	0.256914	0.249782	0.259283	0.255056	0.264804	0.256905	0.255283	0.254421	0.253853	0.292905	0.257806	0.255834	0.350557	0.257063	0.255500	0.350849	0.257554	0.318341	0.315944	0.255913	0.253841	0.253724	0.255714	0.256145	0.250773	0.262292	0.261670	0.258527	0.255538	0.356234	0.258267	0.256156	0.348046	0.252396	0.259153	0.358895	0.256351	0.254210	0.257898	0.255622	0.252771	0.256912	0.259446	0.263390	0.316249	0.261106	0.256233	0.256353	0.257451	0.252382	0.257143	0.253489	0.308124	0.256022	0.257975	0.257138	0.260008	0.252852	0.259870	0.257941	0.258010	0.255321	0.260950	0.263224	0.257852	
0.258313	0.259718	0.258744	0.255695	0.259916	0.259832	0.255995	0.265767	0.256253	0.263901	0.259058	0.000000	0.262191	0.319769	0.291075	0.252092	0.315878	0.255559	0.251742	0.260993	0.261100	0.259279	0.257602	0.313857	0.254131	0.262171	0.257245	0.257554	0.261615	0.256951	0.263532	0.258844	0.261636	0.257687	0.257108	0.258692	0.258773	0.258891	0.319766	0.259786	0.260265	0.271638	0.255346	0.257820	0.315863	0.250157	0.260643	0.311861	0.255750	0.264309	0.261305	0.260768	0.255203	0.275121	0.255291	0.262721	0.255680	0.258265	0.258394	0.257833	0.257962	0.265899	0.253186	0.254677	0.257755	0.259155	0.291568	0.258849	0.259023	0.351787	0.258351	0.257555	0.349907	0.258637	0.319415	0.317768	0.255413	0.256612	0.258979	0.256580	0.258674	0.255894	0.261563	0.260063	0.258209	0.256562	0.356000	0.257443	0.255277	0.348699	0.253603	0.258258	0.356166	0.257074	0.256736	0.258421	0.256715	0.256610	0.256287	0.256197	0.258638	0.316676	0.255261	0.254706	0.259746	0.257836	0.255331	0.259070	0.251431	0.306494	0.254510	0.257537	0.260929	0.262205	0.253943	0.258871	0.261582	0.256769	0.257335	0.259051	0.261340	0.255946	
0.262224	0.265130	0.261816	0.256078	0.257243	0.260269	0.259203	0.270473	0.263309	0.263997	0.263289	0.262191	0.000000	0.317386	0.292325	0.261545	0.320434	0.257624	0.262300	0.262200	0.263691	0.263993	0.259966	0.319444	0.260962	0.263947	0.265734	0.263007	0.266824	0.257289	0.270638	0.262455	0.262206	0.262046	0.263996	0.262585	0.258082	0.262490	0.312409	0.263249	0.265926	0.265963	0.262809	0.253615	0.319503	0.261189	0.268185	0.316428	0.262340	0.257621	0.262210	0.261254	0.263802	0.276986	0.261637	0.256584	0.258688	0.266242	0.260212	0.261125	0.265105	0.234768	0.261101	0.256681	0.263460	0.265368	0.295322	0.262946	0.260598	0.353557	0.262109	0.263559	0.354045	0.264973	0.314994	0.318264	0.260695	0.263466	0.264575	0.259982	0.257305	0.255183	0.265263	0.263656	0.262758	0.265056	0.362841	0.264977	0.259251	0.357265	0.261856	0.264281	0.363870	0.258859	0.260530	0.265636	0.258532	0.257983	0.264816	0.261090	0.260168	0.317119	0.264720	0.258393	0.263109	0.264873	0.257878	0.264914	0.260394	0.309304	0.261154	0.260643	0.261755	0.267135	0.255783	0.262223	0.259084	0.262065	0.260530	0.262328	0.273846	0.260242	
0.313762	0.318265	0.317144	0.315072	0.322543	0.319632	0.315776	0.315135	0.317687	0.317597	0.316047	0.319769	0.317386	0.000000	0.280419	0.316561	0.238744	0.313399	0.314485	0.315096	0.319200	0.319922	0.311233	0.236652	0.311746	0.314807	0.311953	0.317200	0.312576	0.315127	0.318028	0.314908	0.312974	0.318362	0.314257	0.316776	0.314421	0.312179	0.246654	0.316317	0.319890	0.314015	0.312122	0.315445	0.238968	0.312539	0.319715	0.234043	0.313129	0.320119	0.316050	0.315888	0.315087	0.309599	0.314983	0.317802	0.316671	0.318455	0.313035	0.316076	0.316502	0.319755	0.313325	0.312429	0.319853	0.313586	0.277604	0.320628	0.311981	0.294581	0.309474	0.311757	0.299521	0.319032	0.240535	0.233738	0.314502	0.316010	0.316807	0.314120	0.313962	0.315608	0.327338	0.321740	0.314404	0.316846	0.296288	0.313844	0.314061	0.293460	0.314720	0.319033	0.297906	0.319961	0.311634	0.316529	0.317214	0.315904	0.312047	0.311283	0.317639	0.236015	0.316608	0.316583	0.315487	0.311354	0.313803	0.321202	0.317532	0.261233	0.317728	0.317710	0.318672	0.314617	0.309895	0.315346	0.313931	0.316938	0.313180	0.313877	0.315794	0.315795	
0.290126	0.289829	0.290104	0.292149	0.288335	0.293956	0.289884	0.296217	0.286144	0.291044	0.290263	0.291075	0.292325	0.280419	0.000000	0.292075	0.283617	0.288787	0.287185	0.295730	0.295413	0.291652	0.288164	0.286306	0.290855	0.290091	0.289126	0.291350	0.290224	0.291419	0.295087	0.288747	0.291240	0.289536	0.287675	0.289419	0.290996	0.290192	0.289431	0.288297	0.291980	0.288237	0.287235	0.291360	0.285058	0.288533	0.296848	0.280367	0.287775	0.298491	0.296414	0.288627	0.290522	0.294906	0.287830	0.295676	0.287328	0.291498	0.286446	0.289944	0.291069	0.294065	0.286832	0.291186	0.292679	0.293235	0.192937	0.290038	0.292922	0.305316	0.290647	0.290425	0.305529	0.290967	0.281502	0.281587	0.294431	0.288362	0.292950	0.290900	0.292838	0.289814	0.297506	0.298426	0.289418	0.291255	0.307030	0.291164	0.291773	0.306097	0.284373	0.288812	0.310883	0.294416	0.286756	0.294378	0.288278	0.288437	0.286747	0.291521	0.293599	0.283115	0.290546	0.291970	0.291126	0.287613	0.293565	0.297907	0.291197	0.236697	0.288901	0.292280	0.294178	0.290233	0.283577	0.292736	0.286931	0.293987	0.290175	0.296022	0.296058	0.291834	
0.254443	0.256596	0.257023	0.249954	0.260171	0.256304	0.257274	0.257456	0.251963	0.261843	0.253809	0.252092	0.261545	0.316561	0.292075	0.000000	0.319980	0.251778	0.253130	0.252155	0.255394	0.255584	0.255443	0.315722	0.251223	0.254100	0.252575	0.252007	0.256371	0.252895	0.259516	0.255750	0.263203	0.256594	0.257321	0.253481	0.254807	0.255356	0.318224	0.257809	0.257123	0.267066	0.250599	0.255479	0.321217	0.251670	0.258386	0.310459	0.255948	0.266104	0.260324	0.256486	0.255407	0.273792	0.254816	0.260724	0.256593	0.256998	0.248487	0.254901	0.253887	0.261770	0.250885	0.255218	0.253544	0.253702	0.290806	0.255725	0.254244	0.349248	0.252756	0.254600	0.348761	0.258632	0.318165	0.316724	0.255858	0.254969	0.255637	0.251400	0.256125	0.252143	0.258886	0.263556	0.257629	0.257834	0.357261	0.256406	0.256914	0.350053	0.253214	0.257932	0.357954	0.256796	0.251722	0.255912	0.253916	0.260013	0.251541	0.252809	0.258434	0.318122	0.255100	0.253984	0.258842	0.257448	0.249370	0.260953	0.255702	0.309513	0.255644	0.255586	0.259696	0.258866	0.252981	0.255093	0.257385	0.259966	0.257863	0.261119	0.265770	0.256107	
0.318412	0.317945	0.315249	0.319895	0.321498	0.319752	0.318377	0.321074	0.314895	0.320328	0.319371	0.315878	0.320434	0.238744	0.283617	0.319980	0.000000	0.311575	0.314983	0.315572	0.318397	0.321939	0.317193	0.241778	0.315993	0.318237	0.311105	0.320871	0.316103	0.319551	0.323370	0.319268	0.315941	0.320875	0.315886	0.313980	0.317024	0.314468	0.259856	0.315173	0.318107	0.310149	0.313320	0.318591	0.239807	0.315224	0.318981	0.245566	0.313795	0.321027	0.320471	0.317396	0.318211	0.311600	0.318401	0.321702	0.316078	0.319320	0.315580	0.318979	0.316600	0.322753	0.315324	0.317063	0.322638	0.318000	0.280741	0.321944	0.315083	0.297030	0.317470	0.318436	0.300616	0.322764	0.239272	0.239810	0.314057	0.317607	0.317447	0.319206	0.315948	0.311774	0.323418	0.321443	0.317892	0.320001	0.301065	0.319921	0.313488	0.295080	0.312324	0.320426	0.304320	0.320481	0.313419	0.314617	0.317508	0.316147	0.309583	0.317123	0.322563	0.240254	0.319202	0.316330	0.321820	0.312539	0.313430	0.322769	0.318012	0.265732	0.316708	0.317778	0.319606	0.317075	0.313662	0.314647	0.317476	0.317790	0.314722	0.316901	0.320215	0.318933	
0.251287	0.256859	0.255355	0.253073	0.256855	0.259219	0.251455	0.258318	0.250149	0.256429	0.253081	0.255559	0.257624	0.313399	0.288787	0.251778	0.311575	0.000000	0.252491	0.257814	0.257787	0.254679	0.253588	0.315144	0.248822	0.254340	0.254836	0.254462	0.251527	0.254281	0.253963	0.250114	0.254416	0.252678	0.254680	0.250420	0.252649	0.255017	0.307306	0.256285	0.256993	0.269749	0.252856	0.259230	0.317236	0.255488	0.256609	0.309577	0.251324	0.260632	0.261139	0.251530	0.250334	0.270434	0.252895	0.256906	0.255933	0.250105	0.251837	0.253670	0.257351	0.260897	0.251192	0.253490	0.257269	0.257166	0.292720	0.253851	0.255030	0.348680	0.259434	0.252514	0.351672	0.254417	0.315024	0.313265	0.252166	0.253370	0.252070	0.253363	0.255500	0.249442	0.256915	0.256444	0.252126	0.255009	0.355610	0.257562	0.249557	0.349680	0.255035	0.255338	0.359411	0.257906	0.255520	0.252948	0.249124	0.254043	0.253651	0.252702	0.255421	0.314838	0.253190	0.255339	0.256794	0.253265	0.249772	0.256909	0.250131	0.305096	0.256383	0.254144	0.255619	0.262511	0.248420	0.254670	0.250579	0.255644	0.252224	0.254983	0.264722	0.252346	
0.253828	0.255113	0.253883	0.251243	0.257642	0.254837	0.252406	0.258355	0.256205	0.258450	0.249099	0.251742	0.262300	0.314485	0.287185	0.253130	0.314983	0.252491	0.000000	0.253412	0.256120	0.257841	0.256391	0.313346	0.249884	0.255229	0.255212	0.257712	0.251728	0.252991	0.257468	0.255444	0.258609	0.254654	0.256214	0.252396	0.256657	0.256191	0.315262	0.256671	0.253639	0.266627	0.251645	0.260142	0.319111	0.251759	0.259367	0.310093	0.255933	0.261785	0.259890	0.252604	0.255820	0.267249	0.254553	0.258723	0.252007	0.253596	0.252054	0.254836	0.255822	0.262389	0.249747	0.252839	0.256172	0.256153	0.289695	0.254551	0.255245	0.351646	0.257514	0.253911	0.352736	0.255708	0.314840	0.314537	0.255706	0.249416	0.252817	0.251464	0.253872	0.252813	0.256465	0.255411	0.255782	0.256725	0.357969	0.253792	0.254859	0.347235	0.253595	0.254807	0.358532	0.256791	0.252768	0.256936	0.253217	0.255030	0.254308	0.250348	0.255472	0.312709	0.257052	0.252946	0.257325	0.259725	0.253085	0.257262	0.252676	0.310130	0.254039	0.255260	0.259750	0.262156	0.256011	0.253527	0.255893	0.255949	0.256615	0.261496	0.258621	0.260095	
0.258203	0.256564	0.258558	0.257792	0.259896	0.258614	0.257818	0.261745	0.259009	0.261473	0.259230	0.260993	0.262200	0.315096	0.295730	0.252155	0.315572	0.257814	0.253412	0.000000	0.122995	0.257769	0.256596	0.319081	0.256265	0.262391	0.254570	0.259425	0.255723	0.253500	0.265117	0.257066	0.260324	0.258861	0.262108	0.257776	0.260484	0.261986	0.317319	0.260522	0.260077	0.270599	0.258927	0.262607	0.320603	0.255825	0.259943	0.313243	0.259933	0.269678	0.260913	0.256545	0.259276	0.272696	0.259444	0.263525	0.258405	0.258075	0.254838	0.256917	0.258426	0.267415	0.257749	0.259602	0.257841	0.261708	0.296659	0.258961	0.259307	0.352395	0.257419	0.258714	0.349524	0.260043	0.316433	0.319298	0.257181	0.257091	0.257441	0.259320	0.260848	0.256943	0.259355	0.261416	0.261260	0.264605	0.354607	0.261771	0.254472	0.349649	0.259188	0.260842	0.360164	0.263482	0.256999	0.259548	0.252912	0.259938	0.255693	0.260636	0.260930	0.320048	0.258372	0.258656	0.262451	0.259025	0.256444	0.263354	0.256181	0.308484	0.259738	0.263198	0.262980	0.262024	0.255638	0.259054	0.263421	0.260404	0.258412	0.261526	0.266761	0.261787	
0.257380	0.260906	0.261129	0.258701	0.261514	0.259797	0.259711	0.263323	0.261095	0.263658	0.262099	0.261100	0.263691	0.319200	0.295413	0.255394	0.318397	0.257787	0.256120	0.122995	0.000000	0.259539	0.260012	0.320620	0.257949	0.265986	0.257477	0.263551	0.257385	0.258294	0.266911	0.257186	0.263992	0.261916	0.262243	0.259846	0.260393	0.263618	0.321165	0.261612	0.264391	0.275276	0.259027	0.265468	0.324681	0.259429	0.263167	0.315588	0.261638	0.270650	0.265348	0.260192	0.260260	0.276606	0.262109	0.264097	0.258050	0.260151	0.255802	0.257859	0.261378	0.269750	0.259147	0.256210	0.259940	0.262214	0.296680	0.262967	0.261650	0.354639	0.262585	0.260653	0.351829	0.263043	0.318931	0.319839	0.257412	0.262518	0.260483	0.259701	0.260304	0.259654	0.266293	0.266318	0.262297	0.267242	0.357604	0.262619	0.257831	0.349578	0.262609	0.262907	0.360072	0.261361	0.261347	0.261808	0.254447	0.260945	0.256398	0.261666	0.261395	0.322009	0.261231	0.261388	0.261157	0.261613	0.255561	0.263317	0.258220	0.310400	0.261215	0.265145	0.265030	0.268561	0.259122	0.261690	0.266549	0.261398	0.259064	0.263001	0.267859	0.259905	
0.254925	0.258633	0.258077	0.253712	0.257772	0.258238	0.255023	0.259311	0.256905	0.260232	0.261694	0.259279	0.263993	0.319922	0.291652	0.255584	0.321939	0.254679	0.257841	0.257769	0.259539	0.000000	0.256133	0.322085	0.255606	0.256528	0.253623	0.253295	0.256093	0.254305	0.262349	0.255989	0.260401	0.208981	0.254325	0.255439	0.258255	0.256316	0.324277	0.256830	0.257487	0.276317	0.257398	0.265759	0.326241	0.252834	0.257139	0.315060	0.258878	0.263759	0.263471	0.252124	0.254639	0.281932	0.258049	0.259245	0.256072	0.258312	0.253889	0.253353	0.259313	0.260207	0.255914	0.258196	0.254384	0.261355	0.291864	0.258076	0.254399	0.349628	0.257019	0.257128	0.349834	0.261136	0.324586	0.322767	0.258383	0.256014	0.256475	0.256658	0.252469	0.253352	0.261300	0.263171	0.255122	0.262874	0.354944	0.258621	0.256139	0.348527	0.256138	0.260241	0.360169	0.258202	0.256848	0.261272	0.255063	0.258019	0.261688	0.256694	0.257069	0.323608	0.256673	0.254693	0.255685	0.253381	0.253338	0.263574	0.256082	0.309693	0.258681	0.257340	0.262484	0.263692	0.254123	0.257270	0.259544	0.256910	0.255511	0.260180	0.266720	0.257904	
0.253603	0.254638	0.255892	0.254515	0.258916	0.258637	0.253000	0.255868	0.250647	0.258391	0.253761	0.257602	0.259966	0.311233	0.288164	0.255443	0.317193	0.253588	0.256391	0.256596	0.260012	0.256133	0.000000	0.314839	0.253422	0.253325	0.259034	0.257657	0.253256	0.252499	0.260799	0.255298	0.261497	0.254510	0.257769	0.251635	0.256128	0.255745	0.315861	0.260974	0.256400	0.270017	0.252403	0.256724	0.317676	0.253156	0.256677	0.309187	0.252087	0.263614	0.260210	0.252943	0.252687	0.271139	0.257577	0.260138	0.256931	0.254995	0.251345	0.254762	0.256372	0.263659	0.249580	0.255280	0.251859	0.253206	0.292514	0.255443	0.255365	0.350178	0.258310	0.253326	0.348714	0.254964	0.314401	0.312918	0.252030	0.252926	0.256019	0.253448	0.259586	0.253571	0.259316	0.260760	0.258780	0.255966	0.354816	0.257333	0.253267	0.349572	0.253744	0.257664	0.358939	0.255045	0.255207	0.255629	0.252983	0.256331	0.255304	0.259176	0.258334	0.315615	0.257133	0.255682	0.255840	0.255099	0.250428	0.260610	0.255724	0.305955	0.255177	0.259221	0.257047	0.260370	0.251551	0.257653	0.256872	0.259606	0.259995	0.254101	0.263480	0.255945	
0.314710	0.319205	0.316506	0.315663	0.320062	0.316849	0.313394	0.313524	0.317705	0.320076	0.316456	0.313857	0.319444	0.236652	0.286306	0.315722	0.241778	0.315144	0.313346	0.319081	0.320620	0.322085	0.314839	0.000000	0.314355	0.314910	0.315755	0.319566	0.314282	0.319647	0.318430	0.316116	0.319340	0.320672	0.313462	0.316462	0.315321	0.313212	0.253511	0.313238	0.315875	0.315942	0.313027	0.316335	0.239472	0.311208	0.320804	0.237066	0.315789	0.321653	0.320624	0.315018	0.312999	0.309365	0.317119	0.320141	0.316068	0.319023	0.312423	0.315244	0.315976	0.322320	0.313173	0.316072	0.319920	0.315215	0.279939	0.315848	0.314798	0.300227	0.312409	0.316567	0.302572	0.313250	0.246644	0.242931	0.311835	0.311403	0.317156	0.316374	0.318885	0.309486	0.320464	0.322291	0.315657	0.315175	0.301917	0.316838	0.310528	0.301153	0.317023	0.317911	0.303557	0.316319	0.312922	0.314088	0.319413	0.311657	0.309290	0.312880	0.319049	0.241751	0.320669	0.315853	0.314952	0.311050	0.315812	0.316613	0.316602	0.260386	0.316898	0.316089	0.317668	0.316797	0.313906	0.312890	0.315609	0.317052	0.316731	0.317397	0.318855	0.316946	
0.255632	0.260344	0.260289	0.253157	0.255483	0.258699	0.252619	0.254101	0.252514	0.257321	0.251408	0.254131	0.260962	0.311746	0.290855	0.251223	0.315993	0.248822	0.249884	0.256265	0.257949	0.255606	0.253422	0.314355	0.000000	0.258933	0.253803	0.252872	0.252406	0.252214	0.252539	0.252928	0.254476	0.251236	0.253029	0.252341	0.253640	0.254328	0.317004	0.252895	0.256456	0.267077	0.251719	0.260624	0.315235	0.254308	0.256257	0.308795	0.255443	0.263953	0.258832	0.247870	0.253319	0.269083	0.256520	0.258997	0.251274	0.256582	0.248536	0.251822	0.260275	0.265445	0.252463	0.256228	0.253782	0.253689	0.292158	0.252029	0.252830	0.346207	0.257090	0.253327	0.344563	0.256565	0.311630	0.315392	0.254417	0.256074	0.251498	0.254426	0.256085	0.253938	0.259394	0.256319	0.256844	0.257254	0.354658	0.256580	0.254545	0.345252	0.256455	0.254876	0.355557	0.252209	0.253132	0.256112	0.250939	0.252241	0.250949	0.252829	0.255352	0.309992	0.255482	0.252529	0.254550	0.255671	0.247979	0.260093	0.252450	0.304838	0.253949	0.257087	0.258797	0.259517	0.251919	0.255243	0.253515	0.255068	0.253717	0.253765	0.264218	0.255091	
0.259382	0.262893	0.264286	0.257039	0.261270	0.262434	0.259064	0.264788	0.262008	0.261370	0.260543	0.262171	0.263947	0.314807	0.290091	0.254100	0.318237	0.254340	0.255229	0.262391	0.265986	0.256528	0.253325	0.314910	0.258933	0.000000	0.263094	0.257570	0.255531	0.261461	0.260035	0.259436	0.260213	0.258160	0.261134	0.259261	0.258259	0.261671	0.321358	0.264073	0.259630	0.266165	0.258888	0.262202	0.321122	0.259375	0.265769	0.309670	0.258702	0.271014	0.264822	0.254286	0.256074	0.275788	0.259486	0.269649	0.261631	0.260030	0.252590	0.260462	0.260072	0.265991	0.258447	0.261153	0.260100	0.259292	0.293264	0.258359	0.261356	0.350585	0.261473	0.259253	0.352455	0.262660	0.318320	0.315891	0.257737	0.256286	0.260977	0.259891	0.257932	0.256042	0.260432	0.262294	0.256475	0.258203	0.359047	0.264052	0.257403	0.349775	0.259200	0.260526	0.361200	0.261055	0.258995	0.262777	0.255360	0.257307	0.261214	0.261414	0.261426	0.315799	0.262562	0.257974	0.257369	0.257171	0.260482	0.262821	0.254054	0.310846	0.257680	0.264917	0.259689	0.262583	0.260458	0.264525	0.262240	0.260975	0.260083	0.258683	0.265085	0.262026	
0.253871	0.258734	0.258725	0.258220	0.256258	0.258772	0.254146	0.251687	0.255539	0.263639	0.255766	0.257245	0.265734	0.311953	0.289126	0.252575	0.311105	0.254836	0.255212	0.254570	0.257477	0.253623	0.259034	0.315755	0.253803	0.263094	0.000000	0.257114	0.256323	0.256411	0.258537	0.254918	0.261555	0.254845	0.259577	0.255191	0.256239	0.260023	0.316108	0.260679	0.259231	0.267108	0.253896	0.261398	0.316581	0.251254	0.260050	0.307074	0.258467	0.266210	0.259421	0.251051	0.254503	0.275159	0.258905	0.259785	0.256032	0.254096	0.252055	0.256148	0.255649	0.262027	0.255022	0.255915	0.257734	0.259365	0.288499	0.256348	0.256971	0.347434	0.257362	0.256453	0.342910	0.258915	0.313564	0.316997	0.255394	0.257360	0.254274	0.255652	0.256769	0.254104	0.260618	0.262124	0.258278	0.257995	0.350557	0.257190	0.253086	0.345216	0.251713	0.258583	0.354251	0.258923	0.253757	0.259323	0.249991	0.256287	0.258041	0.252006	0.252302	0.316693	0.260140	0.251520	0.256137	0.255627	0.254722	0.261441	0.254511	0.308919	0.252400	0.257014	0.262276	0.264034	0.252026	0.254545	0.259609	0.261571	0.256393	0.255990	0.262565	0.256289	
0.264042	0.260862	0.259947	0.255765	0.254721	0.259923	0.254830	0.259617	0.256441	0.263811	0.255690	0.257554	0.263007	0.317200	0.291350	0.252007	0.320871	0.254462	0.257712	0.259425	0.263551	0.253295	0.257657	0.319566	0.252872	0.257570	0.257114	0.000000	0.257945	0.258527	0.261966	0.260297	0.259987	0.254199	0.259300	0.257453	0.258331	0.259278	0.318806	0.257104	0.261097	0.276469	0.255525	0.260704	0.326789	0.256993	0.262082	0.312897	0.261019	0.266065	0.263444	0.256751	0.255717	0.276428	0.259719	0.261179	0.256830	0.257977	0.253748	0.258329	0.262356	0.266772	0.253608	0.255073	0.257668	0.259335	0.295893	0.262698	0.258307	0.348432	0.257763	0.262142	0.348909	0.258174	0.321972	0.319784	0.258712	0.255345	0.259180	0.258527	0.256409	0.254197	0.261857	0.260213	0.262722	0.256381	0.356873	0.259854	0.257515	0.349742	0.256128	0.256477	0.359027	0.259975	0.257461	0.260400	0.257215	0.256690	0.258504	0.256722	0.261276	0.320955	0.256114	0.257777	0.258075	0.255943	0.250785	0.262135	0.255636	0.311046	0.255860	0.258062	0.259463	0.266435	0.253520	0.256693	0.260799	0.254986	0.253346	0.258595	0.267517	0.256974	
0.253329	0.254281	0.255661	0.255351	0.255879	0.260363	0.254951	0.260784	0.253435	0.258546	0.254454	0.261615	0.266824	0.312576	0.290224	0.256371	0.316103	0.251527	0.251728	0.255723	0.257385	0.256093	0.253256	0.314282	0.252406	0.255531	0.256323	0.257945	0.000000	0.252957	0.258246	0.255068	0.257417	0.259292	0.257483	0.251822	0.255295	0.255325	0.313606	0.255478	0.259522	0.268368	0.251540	0.259746	0.315998	0.253534	0.262146	0.311769	0.254695	0.258993	0.257887	0.253667	0.250620	0.273105	0.255250	0.258705	0.258957	0.257743	0.251959	0.252654	0.258832	0.261760	0.252221	0.253328	0.252459	0.255551	0.294301	0.260061	0.257707	0.349913	0.253867	0.253780	0.346338	0.254472	0.319414	0.315782	0.253869	0.253640	0.247676	0.257379	0.255479	0.251977	0.257713	0.257746	0.259017	0.257816	0.358784	0.255614	0.253229	0.349389	0.253506	0.257650	0.358169	0.254762	0.256915	0.257116	0.252343	0.254559	0.251440	0.255459	0.258597	0.310771	0.255332	0.253617	0.257665	0.257315	0.251101	0.260044	0.253442	0.309682	0.255427	0.255954	0.255745	0.259659	0.252321	0.255929	0.255626	0.255236	0.254216	0.254842	0.260323	0.255734	
0.255810	0.254741	0.253105	0.251099	0.254763	0.256378	0.257984	0.257940	0.250809	0.259248	0.252416	0.256951	0.257289	0.315127	0.291419	0.252895	0.319551	0.254281	0.252991	0.253500	0.258294	0.254305	0.252499	0.319647	0.252214	0.261461	0.256411	0.258527	0.252957	0.000000	0.259723	0.252260	0.259202	0.252582	0.255002	0.253490	0.253153	0.255251	0.318327	0.256039	0.258290	0.268793	0.256822	0.254915	0.319477	0.251420	0.260485	0.311051	0.254713	0.266632	0.259406	0.256782	0.252724	0.271039	0.250855	0.256951	0.254960	0.254835	0.250151	0.252624	0.253513	0.262306	0.248897	0.250578	0.253936	0.255555	0.293068	0.255576	0.254922	0.346991	0.253028	0.256332	0.345452	0.251592	0.318786	0.313196	0.250803	0.254860	0.256793	0.252823	0.253091	0.253965	0.257716	0.258898	0.258451	0.255123	0.357105	0.260379	0.254179	0.350926	0.256014	0.259964	0.359562	0.259981	0.253859	0.256132	0.254159	0.259268	0.257016	0.258265	0.261294	0.315329	0.254245	0.255933	0.257228	0.254773	0.254450	0.258053	0.256834	0.308979	0.255530	0.253175	0.252269	0.260215	0.252868	0.259725	0.256142	0.255309	0.255487	0.258124	0.265831	0.253728	
0.255595	0.258773	0.258454	0.253167	0.260901	0.260655	0.260522	0.260828	0.257206	0.263144	0.265482	0.263532	0.270638	0.318028	0.295087	0.259516	0.323370	0.253963	0.257468	0.265117	0.266911	0.262349	0.260799	0.318430	0.252539	0.260035	0.258537	0.261966	0.258246	0.259723	0.000000	0.255870	0.264214	0.260622	0.260950	0.263267	0.260968	0.259083	0.322817	0.263483	0.261049	0.274099	0.256291	0.265442	0.322071	0.257557	0.264406	0.312841	0.256868	0.272382	0.261841	0.257165	0.261923	0.272106	0.261736	0.260086	0.260441	0.265213	0.253304	0.257456	0.260956	0.266353	0.259249	0.259236	0.261223	0.264073	0.294963	0.260635	0.262412	0.351572	0.261298	0.259227	0.342767	0.263022	0.320573	0.317852	0.258843	0.258823	0.262443	0.261308	0.259190	0.260610	0.264767	0.263141	0.250214	0.265178	0.354607	0.263011	0.256198	0.349133	0.261805	0.264816	0.351995	0.262689	0.260524	0.265058	0.258553	0.263455	0.263808	0.263826	0.264838	0.319919	0.257571	0.260255	0.262812	0.262119	0.258277	0.266559	0.261760	0.311561	0.262948	0.262292	0.265009	0.256409	0.256884	0.265315	0.260889	0.263232	0.260163	0.262240	0.262801	0.257160	
0.255935	0.258853	0.258205	0.254120	0.253962	0.254241	0.254820	0.259671	0.252729	0.258498	0.256650	0.258844	0.262455	0.314908	0.288747	0.255750	0.319268	0.250114	0.255444	0.257066	0.257186	0.255989	0.255298	0.316116	0.252928	0.259436	0.254918	0.260297	0.255068	0.252260	0.255870	0.000000	0.259697	0.253185	0.260912	0.255408	0.258983	0.257962	0.316861	0.252819	0.257744	0.269625	0.252676	0.259355	0.320147	0.255123	0.258653	0.311290	0.256018	0.264366	0.258035	0.255429	0.250827	0.268818	0.258110	0.258587	0.254251	0.255428	0.251550	0.256377	0.259664	0.258961	0.253017	0.250140	0.254254	0.259947	0.293127	0.255649	0.259745	0.349950	0.253387	0.256050	0.348044	0.260293	0.319825	0.316818	0.251542	0.255506	0.253725	0.254188	0.259417	0.252846	0.258749	0.259399	0.259989	0.257089	0.353445	0.257011	0.256578	0.348525	0.254970	0.259706	0.355782	0.254365	0.255827	0.257502	0.250305	0.254204	0.254480	0.254166	0.257328	0.316794	0.260321	0.256311	0.258836	0.254261	0.250488	0.256570	0.252221	0.307603	0.254267	0.255087	0.259626	0.258966	0.251005	0.255423	0.253249	0.257670	0.256324	0.258132	0.264765	0.255708	
0.261650	0.263184	0.262752	0.256885	0.255659	0.262793	0.258920	0.259975	0.260488	0.264381	0.261883	0.261636	0.262206	0.312974	0.291240	0.263203	0.315941	0.254416	0.258609	0.260324	0.263992	0.260401	0.261497	0.319340	0.254476	0.260213	0.261555	0.259987	0.257417	0.259202	0.264214	0.259697	0.000000	0.261449	0.259900	0.259848	0.256309	0.258466	0.312481	0.263791	0.260078	0.273448	0.260066	0.262436	0.316392	0.260892	0.261069	0.312049	0.259815	0.269190	0.261129	0.256166	0.259063	0.276277	0.261284	0.260271	0.259070	0.259889	0.255980	0.255019	0.262353	0.265851	0.258953	0.258053	0.264767	0.261698	0.292087	0.262183	0.259426	0.349458	0.260180	0.259581	0.352559	0.263768	0.315934	0.314442	0.259940	0.258542	0.260960	0.254938	0.260959	0.259673	0.263154	0.259805	0.262927	0.259568	0.355657	0.261033	0.259146	0.347503	0.256473	0.261247	0.358995	0.262512	0.258611	0.262172	0.257908	0.260775	0.262947	0.259532	0.259274	0.316856	0.256862	0.260121	0.261776	0.260629	0.258409	0.257710	0.260243	0.309887	0.260985	0.258942	0.262689	0.266027	0.257114	0.259710	0.257691	0.264409	0.264102	0.261231	0.269346	0.262197	
0.254833	0.259314	0.257644	0.250770	0.255383	0.261122	0.253187	0.263745	0.255120	0.257985	0.258922	0.257687	0.262046	0.318362	0.289536	0.256594	0.320875	0.252678	0.254654	0.258861	0.261916	0.208981	0.254510	0.320672	0.251236	0.258160	0.254845	0.254199	0.259292	0.252582	0.260622	0.253185	0.261449	0.000000	0.257450	0.254741	0.257219	0.261695	0.318616	0.257113	0.259780	0.276581	0.251413	0.263095	0.321429	0.254781	0.258554	0.312697	0.256627	0.265267	0.261093	0.253134	0.249316	0.282127	0.255238	0.263738	0.258465	0.259435	0.253166	0.255480	0.262102	0.261095	0.251867	0.255872	0.253923	0.259588	0.291352	0.255422	0.260358	0.353433	0.255705	0.257761	0.353998	0.256689	0.323551	0.317498	0.253349	0.257080	0.252203	0.255287	0.253553	0.254676	0.257301	0.258749	0.256111	0.256591	0.354789	0.257918	0.255165	0.351378	0.256464	0.258847	0.360994	0.257831	0.251535	0.257815	0.253468	0.258146	0.255495	0.254675	0.254781	0.320425	0.256698	0.253920	0.252798	0.253995	0.254385	0.262733	0.256606	0.306375	0.258421	0.253698	0.261969	0.259394	0.252719	0.258248	0.257466	0.259133	0.256601	0.261059	0.265028	0.256376	
0.253438	0.258874	0.257205	0.256179	0.259692	0.262405	0.254135	0.261849	0.254605	0.259766	0.254850	0.257108	0.263996	0.314257	0.287675	0.257321	0.315886	0.254680	0.256214	0.262108	0.262243	0.254325	0.257769	0.313462	0.253029	0.261134	0.259577	0.259300	0.257483	0.255002	0.260950	0.260912	0.259900	0.257450	0.000000	0.258787	0.254723	0.255017	0.319285	0.258500	0.258076	0.263441	0.260815	0.262428	0.319859	0.252782	0.260126	0.309942	0.257844	0.263163	0.260276	0.253068	0.256390	0.273793	0.258853	0.266877	0.260173	0.253475	0.249678	0.259092	0.255761	0.266103	0.254935	0.257897	0.254806	0.259363	0.289378	0.260225	0.255918	0.348396	0.256229	0.256373	0.349526	0.256740	0.317902	0.315689	0.259359	0.254932	0.255337	0.255398	0.257449	0.255492	0.259631	0.257999	0.260195	0.257083	0.355593	0.256358	0.256819	0.345177	0.252956	0.263422	0.350409	0.261344	0.255799	0.260042	0.253787	0.258547	0.254568	0.257060	0.259836	0.317070	0.253964	0.256089	0.262304	0.255829	0.251638	0.258657	0.256915	0.307575	0.257734	0.258047	0.256656	0.265290	0.259498	0.260381	0.254827	0.259781	0.256855	0.260470	0.263277	0.259723	
0.251714	0.258486	0.256503	0.252254	0.258853	0.260229	0.256045	0.262017	0.254152	0.258013	0.254875	0.258692	0.262585	0.316776	0.289419	0.253481	0.313980	0.250420	0.252396	0.257776	0.259846	0.255439	0.251635	0.316462	0.252341	0.259261	0.255191	0.257453	0.251822	0.253490	0.263267	0.255408	0.259848	0.254741	0.258787	0.000000	0.251802	0.257041	0.313432	0.259116	0.254788	0.269846	0.254636	0.257327	0.316360	0.253486	0.261241	0.312906	0.254821	0.267435	0.261303	0.254808	0.254929	0.270001	0.254140	0.256157	0.257664	0.254886	0.255094	0.258711	0.256324	0.266535	0.254068	0.253669	0.254673	0.257634	0.293161	0.256998	0.257026	0.346431	0.257845	0.256897	0.346004	0.256977	0.318753	0.316877	0.253150	0.255732	0.253130	0.254655	0.254221	0.255243	0.259290	0.258881	0.257942	0.256848	0.350158	0.255638	0.256850	0.342350	0.254166	0.257737	0.356410	0.258267	0.253188	0.258555	0.251332	0.253143	0.257614	0.257594	0.261692	0.311996	0.257084	0.255478	0.254999	0.255623	0.253878	0.261328	0.250730	0.307569	0.253576	0.261339	0.258082	0.260755	0.254786	0.254216	0.256307	0.262060	0.258285	0.258435	0.266438	0.258901	
