0.08110470326962677945 0.37504711084244063413 0.00000000405973119198 0.00000000099999999998 0.02960026477941751083 0.51424791604878372642 
0.00000000099999999994 0.00000000099999999994 0.99999999500000003039 0.00000000099999999994 0.00000000099999999994 0.00000000099999999994 
0.08179140463030840080 0.12462568854137177909 0.24451667250622419192 0.00000000099999999999 0.04895515099451947655 0.50011108232757606196 
0.00000001054959075019 0.30230616618202948986 0.32966192457080362166 0.00000000099999999999 0.05966957816970221151 0.30836231952787385158 
0.00000000099999999989 0.00000000099999999989 0.99999999500000003039 0.00000000099999999989 0.00000000099999999989 0.00000000099999999989 
0.00000000099999999998 0.00000000099999999998 0.00000000099999999998 0.00000000099999999998 0.00000000099999999998 0.99999999500000003039 
0.00000000099999999994 0.00000000099999999994 0.99999999499999991937 0.00000000099999999994 0.00000000099999999994 0.00000000099999999994 
0.99999999500000003039 0.00000000099999999983 0.00000000099999999983 0.00000000099999999983 0.00000000099999999983 0.00000000099999999983 
0.00000000099999999998 0.34882701657707948506 0.10304813100499035650 0.00000000099999999998 0.00000000099999999998 0.54812484941793016002 
0.00000000099999999998 0.46870325524001438255 0.14718877128563562229 0.00000000099999999998 0.00530700384306880511 0.37880096763128118242 
0.99999999500000003039 0.00000000099999999978 0.00000000099999999978 0.00000000099999999978 0.00000000099999999978 0.00000000099999999978 
0.00000000099999999973 0.00000000099999999973 0.00000000099999999973 0.99999999500000003039 0.00000000099999999973 0.00000000099999999973 
0.00000000099999999998 0.00000000099999999998 0.00000000099999999998 0.56544593291792855094 0.43455406308207139565 0.00000000099999999998 
0.00000000099999999993 0.00000000099999999993 0.00000000099999999993 0.00000000099999999993 0.00000000099999999993 0.99999999500000003039 
0.00000000099999999977 0.00000000099999999977 0.00000000099999999977 0.99999999499999991937 0.00000000099999999977 0.00000000099999999977 
0.11119858910053884160 0.00000005461345609324 0.49708546762685773546 0.00000000099999999998 0.00000000169376800042 0.39171588596537931792 
0.02354071271066774870 0.38444864761058350489 0.14305512175194301516 0.00000000099999999998 0.01330420237843415489 0.43565131454837158209 
0.07502898550530875954 0.28469778550636776204 0.00000000099999999998 0.00000000099999999998 0.00461093782542696534 0.63566228916289635453 
0.00000000099999999960 0.00000000099999999960 0.00000000099999999960 0.00000000099999999960 0.99999999499999991937 0.00000000099999999960 
0.00000000099999999997 0.60676337122788259748 0.00000000099999999997 0.00000000099999999997 0.02913275158188053174 0.36410387419023704236 
0.00000000099999999978 0.00000000099999999978 0.00000000099999999978 0.99999999500000003039 0.00000000099999999978 0.00000000099999999978 
0.00000000100000000000 0.14031345779316636846 0.37361000962598917008 0.00530591097867698109 0.04606641804448800143 0.43470420255767944218 
0.08952773651877035666 0.34370291343157716168 0.12404573267465882069 0.00000000099999999999 0.09416572215164543957 0.34855789422334815253 
0.00000000099999999996 0.00000000099999999996 0.00000000099999999996 0.00000000099999999996 0.09932210942566475909 0.90067788657433534016 
0.01217995390304583460 0.25260162903186778038 0.22948308320932664373 0.00000000099999999999 0.09277568316741748033 0.41295964968834231179 
0.04400712199099916788 0.51129668685596518785 0.11141689645237416728 0.00000000099999999998 0.00000000099999999998 0.33327929270066147804 
0.07355676207558140001 0.36165134591704001243 0.23244735618662612509 0.00000000099999999998 0.00000000099999999998 0.33234453382075235250 
0.05696219237193925200 0.46422457698363328582 0.29863991124633731955 0.00440157464197004581 0.00000000100000000000 0.17577174375612017454 
0.00000000099999999993 0.00000000099999999993 0.99999999500000003039 0.00000000099999999993 0.00000000099999999993 0.00000000099999999993 
0.05892814489367382419 0.33041600659433739695 0.26642053871085191741 0.01915042979937131226 0.01909760699272866624 0.30598727300903699744 
0.00000000099999999959 0.00000000099999999959 0.00000000099999999959 0.00000000099999999959 0.99999999499999991937 0.00000000099999999959 
0.08983243500025626938 0.31965616670415847311 0.19982759345350303848 0.00000000100000000000 0.06754007675620887774 0.32314372708587346672 
0.00000000099999999994 0.00000000099999999994 0.00000000099999999994 0.00000000099999999994 0.00000000099999999994 0.99999999500000003039 
0.03689321234573586517 0.21364087745367024707 0.23144644102246889061 0.00000000099999999999 0.00000000099999999999 0.51801946717812508147 
0.07519352214574946680 0.26385674142376369655 0.25317558822004448960 0.00000000099999999999 0.00000145097774212862 0.40777269623270018251 
0.00000000099999999996 0.00000000099999999996 0.00000000099999999996 0.99999999499999991937 0.00000000099999999996 0.00000000099999999996 
0.00000000099999999998 0.00000000099999999998 0.53666967566116097199 0.00000000099999999998 0.00054387251352089241 0.46278644882531816407 
0.05293547049372992336 0.37411973913914575718 0.12620391452559207024 0.00000000099999999999 0.03785357369075630085 0.40888730115077587257 
0.09381814374441944937 0.53632782949861612654 0.26078704187003426407 0.10906697650015033385 0.00000000100000000000 0.00000000738677988341 
0.06184629512540133073 0.41345990573840751825 0.00000163105415143149 0.00000000100000000000 0.03126947906996709048 0.49342268801207250783 
0.12706495282301874528 0.47884806386081407714 0.00000011345351755184 0.00000000100000000000 0.00000000100000000000 0.39408686786264962576 
0.00000000099999999979 0.00000000099999999979 0.00000000099999999979 0.99999999500000003039 0.00000000099999999979 0.00000000099999999979 
0.00000000099999999994 0.00000000099999999994 0.00000000099999999994 0.00000000099999999994 0.00000000099999999994 0.99999999500000003039 
0.00000000099999999994 0.00000000099999999994 0.00000000099999999994 0.00000000099999999994 0.00000000099999999994 0.99999999500000003039 
0.00000000099999999986 0.00000000099999999986 0.00000000099999999986 0.99999999500000003039 0.00000000099999999986 0.00000000099999999986 
0.00000000099999999995 0.99999999500000014141 0.00000000099999999995 0.00000000099999999995 0.00000000099999999995 0.00000000099999999995 
0.00000000099999999998 0.99999999500000003039 0.00000000099999999998 0.00000000099999999998 0.00000000099999999998 0.00000000099999999998 
0.08564743458846774127 0.48884560184285036355 0.15249761223690080914 0.00000000099999999999 0.00000000099999999999 0.27300934933178128139 
0.06083332842416368236 0.40971870495846651750 0.22423782473391060122 0.00000000099999999998 0.04251227257433209256 0.26269786830912700282 
0.00000000099999999995 0.00000000099999999995 0.96994634703175175439 0.00000000099999999995 0.03005364896824823037 0.00000000099999999995 
0.00000000099999999998 0.85668289490095850258 0.00000000099999999998 0.14331710109904149952 0.00000000099999999998 0.00000000099999999998 
0.00000000099999999994 0.99999999500000014141 0.00000000099999999994 0.00000000099999999994 0.00000000099999999994 0.00000000099999999994 
0.00000000099999999991 0.00000000099999999991 0.99999999500000003039 0.00000000099999999991 0.00000000099999999991 0.00000000099999999991 
0.00443767905785427078 0.38347610001520904266 0.16080748929382021606 0.00000000099999999998 0.01407390664029091465 0.43720482399282573072 
0.00000000099999999998 0.53668643437004737162 0.00000000099999999998 0.00000000099999999998 0.03801563665166227818 0.42529792597829046974 
0.28643930144492546486 0.00000000099999999998 0.00539243255659207534 0.00000000099999999998 0.01466395782150699094 0.69350430617697533808 
0.04838535708407660368 0.29009758806068902670 0.34410399261174356988 0.00000000099999999999 0.05330508451124824076 0.26410797673224245541 
0.00000000099999999993 0.00000000099999999993 0.00000000099999999993 0.00000000099999999993 0.00000000099999999993 0.99999999500000003039 
0.99999999500000003039 0.00000000099999999970 0.00000000099999999970 0.00000000099999999970 0.00000000099999999970 0.00000000099999999970 
0.00000000099999999995 0.99999999500000014141 0.00000000099999999995 0.00000000099999999995 0.00000000099999999995 0.00000000099999999995 
0.00000000099999999995 0.99999999500000014141 0.00000000099999999995 0.00000000099999999995 0.00000000099999999995 0.00000000099999999995 
0.00037172397647279934 0.40214993945958366073 0.24000965881181690609 0.00000000099999999998 0.02387999352476106313 0.33358868322736562329 
0.00000000100000000000 0.61373916205168765892 0.08660902873729146856 0.01575355839091972451 0.02410365421922140358 0.25979459560087997394 
0.00000000099999999999 0.43762923396833103284 0.21689775026513355427 0.00000000099999999999 0.02709920902532248974 0.31837380474121290685 
0.00000000099999999996 0.00000000099999999996 0.99999999500000003039 0.00000000099999999996 0.00000000099999999996 0.00000000099999999996 
0.00376446621891201368 0.35534833983032843019 0.14625773896273533414 0.03197567352635714844 0.07115816285376358463 0.39149561860790349499 
0.99999999500000003039 0.00000000099999999989 0.00000000099999999989 0.00000000099999999989 0.00000000099999999989 0.00000000099999999989 
0.04189393503514136224 0.37037897945004011335 0.20840061472370652318 0.00000000099999999999 0.04658478807982170677 0.33274168171129031579 
0.00000000099999999976 0.00000000099999999976 0.00000000099999999976 0.99999999499999991937 0.00000000099999999976 0.00000000099999999976 
0.00000000099999999969 0.00000000099999999969 0.00000000099999999969 0.99999999499999991937 0.00000000099999999969 0.00000000099999999969 
0.09050508734619958084 0.00000000099999999998 0.34943441135471825509 0.00000000099999999998 0.00014396174273622708 0.55991653755634596124 
0.00000000099999999994 0.99999999500000014141 0.00000000099999999994 0.00000000099999999994 0.00000000099999999994 0.00000000099999999994 
0.00000000099999999998 0.32876398486908214869 0.20888090099881717610 0.00000000099999999998 0.04655704251763449764 0.41579806961446608149 
0.00000000099999999996 0.99999999500000014141 0.00000000099999999996 0.00000000099999999996 0.00000000099999999996 0.00000000099999999996 
0.13661952996101175972 0.76914412000035181638 0.00000000099999999997 0.00000000099999999997 0.09423634691646080863 0.00000000112217559709 
0.00000002169831064362 0.00000000099999999998 0.64191487343483766281 0.00000000099999999998 0.07203865278492953272 0.28604645008192208788 
0.08125185053400477142 0.00006582893666926042 0.36481517846767302915 0.00000000099999999998 0.04580973282921899092 0.50805740823243394910 
0.00000000099999999995 0.99999999500000003039 0.00000000099999999995 0.00000000099999999995 0.00000000099999999995 0.00000000099999999995 
0.00204828278121626595 0.34622910738634465888 0.29926222316519035527 0.00000000099999999998 0.04062519404319255706 0.31183519162405615166 
0.00000000099999999995 0.00000000099999999995 0.00000000099999999995 0.00000000099999999995 0.00000000099999999995 0.99999999499999991937 
0.00000000099999999998 0.42786328398702194731 0.32947167712730368594 0.00000000099999999998 0.03358763103834486868 0.20907740584732933953 
0.00000000099999999995 0.99999999500000014141 0.00000000099999999995 0.00000000099999999995 0.00000000099999999995 0.00000000099999999995 
0.08729446801364960928 0.39648646079461180580 0.10606485464639951732 0.00000000099999999999 0.04907095356086758203 0.36108326198447143751 
0.03588674221340517473 0.31891310437290670832 0.27042068528440432740 0.00000000099999999999 0.03737466242885967987 0.33740480470042422123 
0.00000003656090946975 0.50256781240590486792 0.00000000099999999998 0.00000000099999999998 0.04315893774096821178 0.45427321129221742702 
0.00000000099999999994 0.00000000099999999994 0.00000000099999999994 0.00000000099999999994 0.00000000099999999994 0.99999999499999991937 
0.05586595313579362926 0.41867001215065380304 0.00000000099999999997 0.00000000099999999997 0.02987543822352937625 0.49558859449002318209 
0.00000000099999999997 0.46068504611811800231 0.53044456773944892447 0.00000000099999999997 0.00887038314243319449 0.00000000099999999997 
0.00000000099999999995 0.00000000099999999995 0.99999999500000003039 0.00000000099999999995 0.00000000099999999995 0.00000000099999999995 
0.00000000099999999983 0.00000000099999999983 0.00000000099999999983 0.00000000099999999983 0.99999999499999991937 0.00000000099999999983 
0.00000000099999999975 0.00000000099999999975 0.00000000099999999975 0.99999999499999991937 0.00000000099999999975 0.00000000099999999975 
0.00000000099999999997 0.30577341703548033269 0.00000000099999999997 0.00000000099999999997 0.04404385328759111845 0.65018272667692833533 
0.01383256875369651313 0.25007164912507151566 0.00000000099999999998 0.00000000099999999998 0.09937130275077880881 0.63672447737045301253 
0.03420236497003956155 0.37956613106334124996 0.21733104146335358031 0.00000000099999999999 0.07618808251622213867 0.29271237898704355329 
0.00000000099999999995 0.00000000099999999995 0.99999999500000003039 0.00000000099999999995 0.00000000099999999995 0.00000000099999999995 
0.00000000099999999997 0.38449442059643612613 0.00000000099999999997 0.00000000099999999997 0.00001492447529757828 0.61549065192826624138 
0.15376475571752870608 0.00000000099999999999 0.51152176656394110488 0.00000000099999999999 0.00000000099999999999 0.33471347471853019062 
0.03306460058456719975 0.36752870768965428816 0.00000000099999999998 0.00000000099999999998 0.00000000099999999998 0.59940668872577840265 
0.00000000099999999997 0.00000000099999999997 0.00000000099999999997 0.81199789447913639506 0.18800210152086366255 0.00000000099999999997 
0.00000000099999999999 0.32136173899285691569 0.35993765374077019148 0.00000000099999999999 0.00000000099999999999 0.31870060426637297768 
0.05350800707959908059 0.40268431930314141365 0.21192626508647194328 0.00000000099999999999 0.01269778702816770979 0.31918362050261978036 
0.08217559535323198938 0.30095069851602723743 0.34081877632310986215 0.00000000099999999999 0.00003952796662425604 0.27601540084100661954 
0.03565593827071042443 0.31198345398730009670 0.25252957317278090787 0.02825238285189369050 0.02072986443425525738 0.35084878728305957107 
0.00000000099999999998 0.00000000099999999998 0.48323863088278279365 0.00000000099999999998 0.03237862699891706081 0.48438273911830004304 
0.00000001021784110760 0.00000000099999999997 0.99998417005879058905 0.00000000099999999997 0.00001581672336826230 0.00000000099999999997 
0.00000000099999999997 0.64426155406595575492 0.35573844193404441372 0.00000000099999999997 0.00000000099999999997 0.00000000099999999997 
0.00000000099999999995 0.99999999500000014141 0.00000000099999999995 0.00000000099999999995 0.00000000099999999995 0.00000000099999999995 
0.18048189829512106819 0.28574257724648993717 0.17780994650443940341 0.00000000099999999999 0.04250670195330313178 0.31345887500064656406 
0.07036013249791669977 0.30307571373872393972 0.21490089647912785642 0.05603806188874654870 0.03987957092797318748 0.31574562446751180955 
0.03745219549447913882 0.33993369759039815392 0.60836319110439940339 0.00000000099999999998 0.01425091381072310544 0.00000000099999999998 
