0.00000000099999999998 0.45450718607142420735 0.54549281292857565440 
0.00000000099999999997 0.00000000099999999997 0.99999999799999994554 
0.00000000099999999999 0.30353148999952078713 0.69646850900047918564 
0.00000000099999999999 0.42568547288535496520 0.57431452611464495206 
0.00000000099999999998 0.34434481578883346931 0.65565518321116633693 
0.00000000099999999999 0.43364536621977733954 0.56635463278022268874 
0.00000000099999999996 0.99999999799999994554 0.00000000099999999996 
0.00000000099999999998 0.00000000099999999998 0.99999999800000005656 
0.00000000099999999999 0.29922382566730915121 0.70077617333269082156 
0.00000000099999999999 0.41278243426247851477 0.58721756473752140248 
0.00000000099999999997 0.00000000099999999997 0.99999999799999994554 
0.99999999799999994554 0.00000000099999999989 0.00000000099999999989 
0.55696327693877856202 0.44303672206122135524 0.00000000099999999999 
0.00000000099999999998 0.26504254507288499410 0.73495745392711497868 
0.99999999799999994554 0.00000000099999999991 0.00000000099999999991 
0.00000000099999999998 0.40047725501085207345 0.59952274398914784381 
0.00000000099999999997 0.00000000099999999997 0.99999999799999994554 
0.00000000099999999998 0.29759290723603259998 0.70240709176396731728 
0.00000000099999999990 0.99999999800000005656 0.00000000099999999990 
0.00000000099999999998 0.32325746611091565885 0.67674253288908436943 
0.99999999800000005656 0.00000000099999999991 0.00000000099999999991 
0.00817903579561857740 0.36936606139663363813 0.62245490280774784519 
0.00000000099999999999 0.32498059492143760441 0.67501940407856253490 
0.00000000099999999996 0.99999999800000005656 0.00000000099999999996 
0.00000000099999999999 0.45648215504741967985 0.54351784395258029292 
0.00000000099999999997 0.00000000099999999997 0.99999999799999994554 
0.00000000099999999999 0.37418658212790267825 0.62581341687209723901 
0.00640304351669161113 0.20947494790898957273 0.78412200857431890721 
0.00000000099999999998 0.37541529071987111976 0.62458470828012879750 
0.01904898044061072160 0.26036346874003030161 0.72058755081935899067 
0.00000000099999999990 0.99999999799999994554 0.00000000099999999990 
0.00000000099999999999 0.31061200440145148027 0.68938799459854849250 
0.00000000099999999999 0.42774289217534111618 0.57225710682465891210 
0.00000000099999999999 0.28840536132662109026 0.71159463767337893803 
0.00000000099999999999 0.34117205229908259545 0.65882794670091737732 
0.99999999799999994554 0.00000000099999999998 0.00000000099999999998 
0.00000000099999999999 0.39558847631244370424 0.60441152268755637955 
0.00000000099999999999 0.28345015461672251611 0.71654984438327740115 
0.10898521019199945703 0.00000000100000000000 0.89101478880800044635 
0.00000000100000000000 0.38507311935630106348 0.61492687964369885378 
0.00000000099999999998 0.99999999799999994554 0.00000000099999999998 
0.99999999800000005656 0.00000000099999999992 0.00000000099999999992 
0.00000000099999999999 0.39325570441679824629 0.60674429458320178199 
0.00000000099999999999 0.47156885506505302752 0.52843114393494683423 
0.99999999799999994554 0.00000000099999999995 0.00000000099999999995 
0.00000000099999999999 0.26777578484904079881 0.73222421415095917396 
0.01182692085586625926 0.40678817945347217622 0.58138489969066164953 
0.00000000100000000000 0.28422996899077263011 0.71577003000922745368 
0.00000000099999999998 0.35193195525182463523 0.64806804374817539305 
0.00000000099999999999 0.35299198697085321097 0.64700801202914670629 
0.13950977040667908446 0.00000000099999999999 0.86049022859332102708 
0.00000000099999999999 0.31593039135678763207 0.68406960764321234070 
0.00000000099999999999 0.34271856413266110764 0.65728143486733880962 
0.00000000099999999998 0.27023504318156960080 0.72976495581843026095 
0.00000000099999999999 0.44183161180065583240 0.55816838719934414037 
0.00000000099999999999 0.29379468947091563757 0.70620530952908433520 
0.00000000099999999999 0.40141449331001555212 0.59858550568998447616 
0.00000000099999999999 0.23225771071578754645 0.76774228828421242632 
0.00000000099999999996 0.00000000099999999996 0.99999999800000005656 
0.00000000099999999996 0.99999999800000005656 0.00000000099999999996 
0.00000000099999999998 0.00000000099999999998 0.99999999800000005656 
0.00000000099999999997 0.27409565333984037272 0.72590434566015960005 
0.01457970264801658304 0.00005689921343628985 0.98536339813854711966 
0.00000000099999999999 0.38883859596402498005 0.61116140303597499273 
0.00000000099999999999 0.33863964000294571877 0.66136035899705425400 
0.03233405520144748413 0.36399485214214338802 0.60367109265640905846 
0.00000000099999999999 0.39329433740513580764 0.60670566159486416513 
0.00000000099999999999 0.43442187991405273317 0.56557811908594712857 
0.99999999799999994554 0.00000000099999999991 0.00000000099999999991 
0.99999999799999994554 0.00000000099999999988 0.00000000099999999988 
0.00000000099999999999 0.30890361891297746233 0.69109638008702245493 
0.00000000099999999999 0.32365431477700751239 0.67634568422299257140 
0.00000000099999999999 0.42095638168533749957 0.57904361731466258423 
0.00000000099999999998 0.33381078318191265142 0.66618921581808721033 
0.00000000099999999996 0.99999999799999994554 0.00000000099999999996 
0.00000000099999999999 0.35094554991961840473 0.64905444908038145702 
0.00000000099999999998 0.27384866564011262069 0.72615133335988724106 
0.00908147832543131084 0.37205009891905238550 0.61886842275551623427 
0.00000000099999999998 0.43515873782432984429 0.56484126117567001746 
0.00000000099999999999 0.38009149990109569739 0.61990849909890433089 
0.00000000099999999999 0.36608279776795221716 0.63391720123204764459 
0.00000000099999999999 0.33214199964270246790 0.66785799935729761589 
0.00000000099999999999 0.28984043957546229420 0.71015955942453756755 
0.00000000099999999999 0.37607696945349655682 0.62392302954650336044 
0.00000000099999999999 0.46277277238049968622 0.53722722661950039758 
0.00000000099999999999 0.36513992477878204346 0.63486007422121792931 
0.00000000099999999998 0.43667184122453500672 0.56332815777546496605 
0.00000000099999999998 0.34683108844672844162 0.65316891055327153115 
0.00976029280121313257 0.31326128352503990193 0.67697842367374694295 
0.00000000099999999999 0.33691389816689526482 0.66308610083310459693 
0.99999999800000005656 0.00000000099999999990 0.00000000099999999990 
0.00000000099999999998 0.28573523993536453780 0.71426475906463549048 
0.00000000099999999998 0.40227759944223207000 0.59772239955776795828 
0.00000000099999999999 0.34969979816384205717 0.65030020083615802662 
0.00000000099999999996 0.99999999799999994554 0.00000000099999999996 
0.00000000099999999998 0.00000000099999999998 0.99999999799999994554 
0.00000000099999999999 0.19327898903190557367 0.80672100996809437135 
0.00000000099999999999 0.32218209423321447771 0.67781790476678549506 
0.80860400276849586643 0.19139599623150410634 0.00000000099999999999 
0.00000000099999999999 0.44236547934743336574 0.55763451965256660703 
0.00000000099999999999 0.39044981072538897937 0.60955018827461104891 
0.00000000099999999999 0.22672751933792270607 0.77327247966207723895 
0.02868127547754533921 0.31288062176401915115 0.65843810275843561719 
0.00000000099999999999 0.48401481464102913410 0.51598518435897078316 
0.00000000099999999999 0.42197670321814756411 0.57802329578185240866 
0.00000000099999999999 0.31322299413115822775 0.68677700486884174502 
0.00000000099999999999 0.32573547300195010434 0.67426452599804986843 
0.00000000099999999999 0.22947686137485753810 0.77052313762514235140 
0.05502759854497017711 0.20024391192144982976 0.74472848953357995150 
0.00000000099999999999 0.35804994193562095228 0.64195005706437913151 
