0.00000000099999999997 0.08364408500893021070 0.00000000099999999997 0.00000000099999999997 0.91635591199106980476 
0.54914809236827011318 0.00000000099999999998 0.05191386888812805911 0.00000000099999999998 0.39893803674360184264 
0.15883931974923520825 0.10542879561688081602 0.15580184137746319606 0.00000000099999999999 0.57993004225642086347 
0.46758542143127612700 0.16212559239654758536 0.02381257610474708103 0.00000000099999999999 0.34647640906742932509 
0.00000000099999999986 0.99999999600000011313 0.00000000099999999986 0.00000000099999999986 0.00000000099999999986 
0.24813443303327223366 0.05595055085853972709 0.05541140667450426133 0.00000000099999999999 0.64050360843368370212 
0.99999999600000011313 0.00000000099999999996 0.00000000099999999996 0.00000000099999999996 0.00000000099999999996 
0.00000000099999999987 0.00000000099999999987 0.99999999599999989108 0.00000000099999999987 0.00000000099999999987 
0.00000000099999999997 0.00000000099999999997 0.00000000099999999997 0.00000000099999999997 0.99999999600000000211 
0.39697266230973615730 0.00000000099999999998 0.03964415949116614074 0.00000000099999999998 0.56338317619909772382 
0.00000000099999999982 0.00000000099999999982 0.99999999600000000211 0.00000000099999999982 0.00000000099999999982 
0.00000000099999999978 0.00000000099999999978 0.00000000099999999978 0.99999999599999989108 0.00000000099999999978 
0.00000000099999999998 0.00000000099999999998 0.45478521338489769077 0.54521478361510211652 0.00000000099999999998 
0.00000000099999999995 0.00000000099999999995 0.00000000099999999995 0.00000000099999999995 0.99999999599999989108 
0.00000000099999999981 0.00000000099999999981 0.00000000099999999981 0.99999999600000000211 0.00000000099999999981 
0.99999999600000000211 0.00000000099999999996 0.00000000099999999996 0.00000000099999999996 0.00000000099999999996 
0.00000000099999999996 0.00000000099999999996 0.00000000099999999996 0.00000000099999999996 0.99999999599999989108 
0.23276059349288033551 0.02358614280294692861 0.09216306594046001777 0.00000000099999999998 0.65149019676371278109 
0.00000000099999999975 0.99999999600000011313 0.00000000099999999975 0.00000000099999999975 0.00000000099999999975 
0.00000000099999999997 0.06954152860254447788 0.00000000099999999997 0.00000000099999999997 0.93045846839745560697 
0.00000000099999999982 0.00000000099999999982 0.00000000099999999982 0.99999999600000000211 0.00000000099999999982 
0.32790318373051630108 0.06907319082088836382 0.00000000100000000000 0.00360230832296380308 0.59942131612563165355 
0.00000000333692596701 0.13354054086693836756 0.12861818165040372897 0.00000000099999999999 0.73784127314573200174 
0.34618924615023305424 0.07191574845106497860 0.05537945903810565645 0.00000000099999999999 0.52651554536059630429 
0.38928256380156800454 0.11812117344644081085 0.01080883307798804864 0.00000000099999999999 0.48178742867400320415 
0.37980632234628058930 0.00000000099999999998 0.03821527530333089506 0.00000000099999999998 0.58197840035038850282 
0.52475446302723072201 0.05020145226921306908 0.06061823141858904695 0.00000000099999999998 0.36442585228496737759 
0.46069040406393979570 0.02640510128576950902 0.11720206734873307719 0.00559980660476238831 0.39010262069679541019 
0.88405071516625677308 0.00000000099999999996 0.11594928183374331176 0.00000000099999999996 0.00000000099999999996 
0.39353374447641570333 0.03264519569465880455 0.10949665394735183521 0.01975305199731487368 0.44457135388425883527 
0.00000000099999999975 0.99999999600000011313 0.00000000099999999975 0.00000000099999999975 0.00000000099999999975 
0.30735773949072353606 0.09704062008434222175 0.12236197643108535915 0.00000000099999999999 0.47323966299384889744 
0.34870031781501942270 0.03132266288428342538 0.00000000099999999999 0.00000000099999999999 0.61997701730069698645 
0.34800417038954650772 0.04030743875572150720 0.05658044144246258261 0.00000000099999999999 0.55510794841226940299 
0.40551821117098552083 0.04239364469912051264 0.10645194849440459128 0.00000000099999999999 0.44563619463548936883 
0.00000000099999999996 0.00000000099999999996 0.00000000099999999996 0.99999999599999989108 0.00000000099999999996 
0.89641690701027587629 0.10358308998972422244 0.00000000099999999997 0.00000000099999999997 0.00000000099999999997 
0.35912173788157708554 0.06382727775782812141 0.10302077545973623018 0.00000000099999999999 0.47403020790085864666 
0.41004550830959018981 0.00000000100000000000 0.14978741177264714990 0.10888717341036445452 0.33127990550739816467 
0.00000000099999999999 0.06490536961103128555 0.06506861301039468248 0.00000000099999999999 0.87002601537857404690 
0.00000000099999999998 0.00000000099999999998 0.00000000099999999998 0.00000000099999999998 0.99999999599999989108 
0.00000000099999999983 0.00000000099999999983 0.00000000099999999983 0.99999999600000000211 0.00000000099999999983 
0.50501402290858654620 0.00000000099999999998 0.00000000099999999998 0.00000000099999999998 0.49498597409141348313 
0.00000000099999999998 0.10593718968349023768 0.00000000099999999998 0.00000000099999999998 0.89406280731650977778 
0.00000000099999999989 0.00000000099999999989 0.00000000099999999989 0.99999999599999989108 0.00000000099999999989 
0.99999999600000000211 0.00000000099999999996 0.00000000099999999996 0.00000000099999999996 0.00000000099999999996 
0.00000000099999999999 0.00000000099999999999 0.00000000099999999999 0.00000000099999999999 0.99999999600000000211 
0.00000000099999999991 0.00000000099999999991 0.99999999599999989108 0.00000000099999999991 0.00000000099999999991 
0.28121993759697438975 0.06264266548110090926 0.08138355135403034513 0.00000000099999999998 0.57475384456789435639 
0.36581887148653241537 0.52387508080536338007 0.11030604570810420562 0.00000000099999999997 0.00000000099999999997 
0.49180437769611995424 0.00000000099999999999 0.10122609567470174097 0.14074001463811341983 0.26622951099106484385 
0.87401117937259154012 0.00000000099999999997 0.12598881762740848922 0.00000000099999999997 0.00000000099999999997 
0.00000000099999999986 0.99999999600000000211 0.00000000099999999986 0.00000000099999999986 0.00000000099999999986 
0.34948854142105029164 0.03871618795493792647 0.00013989910466980356 0.00000000099999999998 0.61165537051934193435 
0.56018083686260489173 0.00000000099999999998 0.04692275504599950631 0.00000000099999999998 0.39289640609139570016 
0.00000000099999999998 0.04263885024007504215 0.28702140552683685915 0.00000000099999999998 0.67033974223308812057 
0.37361933690368176464 0.08949784018165198030 0.04416176473980496647 0.00000000099999999999 0.49272105717486119891 
0.00000000099999999997 0.00000000099999999997 0.10886198786125851623 0.00000000099999999997 0.89113800913874141596 
0.00000000099999999976 0.00000000099999999976 0.99999999600000000211 0.00000000099999999976 0.00000000099999999976 
0.99999999600000000211 0.00000000099999999996 0.00000000099999999996 0.00000000099999999996 0.00000000099999999996 
0.99999999600000011313 0.00000000099999999997 0.00000000099999999997 0.00000000099999999997 0.00000000099999999997 
0.41821588165039441654 0.05139964153997605284 0.05033624273422870887 0.00000000099999999998 0.48004823307540095412 
0.31901133424854344334 0.00344620559416601363 0.03644799814258995602 0.01573289879373414302 0.62536156322096647653 
0.47750043074143760924 0.01172461173339812458 0.01835563898749088818 0.00000000099999999999 0.49241931753767337332 
0.99999999600000000211 0.00000000099999999996 0.00000000099999999996 0.00000000099999999996 0.00000000099999999996 
0.19744262697157771713 0.12519622476924938126 0.06167715470937937261 0.03223915993316067014 0.58344483361663290744 
0.47400166339648475144 0.03262890357191724350 0.06330603994101753618 0.00000000099999999999 0.43006339209058053186 
0.34842532014376187410 0.05388527807488927707 0.10247383511277399770 0.00000000099999999999 0.49521556566857477533 
0.00000000099999999980 0.00000000099999999980 0.00000000099999999980 0.99999999599999989108 0.00000000099999999980 
0.00000000099999999975 0.00000000099999999975 0.00000000099999999975 0.99999999599999989108 0.00000000099999999975 
0.37274896969051873885 0.04171607642727825915 0.03486383001485089672 0.00000000099999999999 0.55067112286735198090 
0.47173072622472955739 0.00000000099999999999 0.04953650355142599770 0.00000000099999999999 0.47873276822384447371 
0.00000000099999999996 0.00000000099999999996 0.00000000099999999996 0.00000000099999999996 0.99999999600000000211 
0.37124113246324286219 0.03882110592455773751 0.09008493938800940515 0.00000000099999999998 0.49985282122419011364 
0.23946019394297726746 0.07755176599061207321 0.14126308193900088961 0.00000000099999999998 0.54172495712740975637 
0.39148491554351061428 0.10386884025311292346 0.04045376575764727395 0.00000000099999999999 0.46419247744572905701 
0.33166958515107342054 0.00008618171864532423 0.11900250040367954529 0.00000000099999999998 0.54924173172660173403 
0.55003208647704726619 0.08026698219939144840 0.01280277854580405376 0.00891764514011647927 0.34798050763764082349 
0.32600662175394634623 0.05568826412908409185 0.06016765637344491380 0.00000000099999999998 0.55813745674352455151 
0.29965754789835574723 0.06839207623352196175 0.00034257493608788532 0.00000000099999999999 0.63160779993203430838 
0.58005636508320501665 0.06827628479167195674 0.00000000099999999998 0.00000000099999999998 0.35166734812512312480 
0.47048435220965323378 0.00000000099999999999 0.06849764900483457097 0.00000000099999999999 0.46101799678551219630 
0.25112713856287605108 0.02480715912504830034 0.08756312643855042321 0.00000000099999999999 0.63650257487352512875 
0.49892524157218332004 0.03416881474536474089 0.06188939737248737305 0.00000000099999999999 0.40501654530996461512 
0.00000000099999999997 0.07219524749787002704 0.00000000099999999997 0.00000000099999999997 0.92780474950212987739 
0.00000000099999999997 0.00000000099999999997 0.00000000099999999997 0.00000000099999999997 0.99999999599999989108 
0.51646237636759584344 0.06993086688160003728 0.00000000099999999998 0.00000000099999999998 0.41360675475080427299 
0.99999999600000000211 0.00000000099999999996 0.00000000099999999996 0.00000000099999999996 0.00000000099999999996 
0.00000000099999999998 0.00000000099999999998 0.00000000099999999998 0.00000000099999999998 0.99999999600000000211 
0.00000065002465095615 0.14141729815179754359 0.18674882843971823965 0.00000000099999999998 0.67183322238383336167 
0.00000000099999999980 0.00000000099999999980 0.00000000099999999980 0.99999999599999989108 0.00000000099999999980 
0.37569263749292691745 0.04008399877242111581 0.00000000254896784687 0.00000000099999999998 0.58422336018568410410 
0.00000000099999999997 0.10750728677997450911 0.12297366203606907575 0.00000000099999999997 0.76951904918395630517 
0.29510718100555627386 0.12115614873503857685 0.06377704946059936653 0.00000000099999999999 0.51995961979880567227 
0.99999997014785502181 0.00000002685214504482 0.00000000099999999997 0.00000000099999999997 0.00000000099999999997 
0.00000000099999999996 0.00000000099999999996 0.00000000099999999996 0.00000000099999999996 0.99999999599999989108 
0.29012299322663392953 0.00954148270811861279 0.20749957251050563101 0.00000000099999999999 0.49283595055474166413 
0.38017532042439544648 0.05918468296163163778 0.05001405703263073210 0.00000000099999999999 0.51062593858134208702 
0.00000000099999999998 0.00000000099999999998 0.19549268810776657124 0.80450730889223343034 0.00000000099999999998 
0.46323128334360508251 0.02223291647297268372 0.00000000099999999999 0.00000000099999999999 0.51453579818342221053 
0.51632545548633212995 0.05809861782307213646 0.05434240644961067790 0.00000000099999999999 0.37123351924098502153 
0.53240794448411132844 0.06188552016181499832 0.03904539636928576474 0.00000000099999999999 0.36666113798478811026 
0.28006796382193166473 0.05244131945293187963 0.06160530419608566816 0.02876202316495318420 0.57712338936409768309 
0.99999999600000000211 0.00000000099999999996 0.00000000099999999996 0.00000000099999999996 0.00000000099999999996 
0.51851548635249333774 0.11566956121672218594 0.09410179984547141496 0.00000000099999999999 0.27171315158531311740 
0.99999999600000000211 0.00000000099999999996 0.00000000099999999996 0.00000000099999999996 0.00000000099999999996 
0.92709747130048902886 0.07290252569951090333 0.00000000099999999997 0.00000000099999999997 0.00000000099999999997 
0.49478002414568134082 0.00000052289675439773 0.21051016239595007895 0.00000000099999999998 0.29470928956161424050 
0.25697533444738551722 0.01464576377459195569 0.12146319898845747698 0.05493032272159182466 0.55198538006797326361 
0.99999999600000000211 0.00000000099999999997 0.00000000099999999997 0.00000000099999999997 0.00000000099999999997 
