0.00000000099999999998 0.30969221744422775755 0.05442090183883765975 0.63588687971693469425 
0.00000000099999999997 0.99999999700000008485 0.00000000099999999997 0.00000000099999999997 
0.00000000099999999999 0.35125556933055662734 0.06537528106003152872 0.58336914860941180283 
0.00000000099999999999 0.26472953407179100616 0.09743943919200737103 0.63783102573620165110 
0.00000000099999999995 0.99999661584030274941 0.00000338215969726437 0.00000000099999999995 
0.00000000099999999999 0.20311200590694547530 0.00936305371859502515 0.78752493937445955385 
0.00000000099999999998 0.29858716152248865328 0.07279345691117321271 0.62861938056633803740 
0.00000000099999999996 0.99999999700000008485 0.00000000099999999996 0.00000000099999999996 
0.00000000099999999999 0.28869261220836028858 0.00000000099999999999 0.71130738579163965696 
0.00000000099999999999 0.21745780604939740632 0.02049837077350213921 0.76204382217710042724 
0.00000000099999999993 0.99999999700000008485 0.00000000099999999993 0.00000000099999999993 
0.99999999700000008485 0.00000000099999999984 0.00000000099999999984 0.00000000099999999984 
0.55408461846946988061 0.00000000099999999998 0.44591537953053012044 0.00000000099999999998 
0.00000000099999999997 0.00000000099999999997 0.00000000099999999997 0.99999999700000008485 
0.99999999699999997382 0.00000000099999999986 0.00000000099999999986 0.00000000099999999986 
0.00000000099999999998 0.31358914376459295914 0.03153998222941570978 0.65487087300599133854 
0.00000000099999999998 0.23487205588571433146 0.00057665722278060934 0.76455128589150511687 
0.00000000099999999998 0.14755830120136886885 0.00012881394534033913 0.85231288385329073698 
0.00000000099999999974 0.00000000099999999974 0.99999999699999986280 0.00000000099999999974 
0.00000000099999999998 0.26837459998882323697 0.02244658095749136120 0.70917881805368532255 
0.99999999700000008485 0.00000000099999999987 0.00000000099999999987 0.00000000099999999987 
0.00747832831746929501 0.21174443060455647170 0.06051807318527879093 0.72025916789269550655 
0.00000000099999999999 0.39587601456398369137 0.08180695079790195612 0.52231703363811443630 
0.00000000099999999998 0.00000000099999999998 0.00000000099999999998 0.99999999700000008485 
0.00000000099999999998 0.00000000152313715797 0.14617538340433264277 0.85382461407253029684 
0.00000000099999999998 0.20603860208020843836 0.00000000099999999998 0.79396139591979153494 
0.00000000099999999998 0.38480141962120611998 0.00000059932333181941 0.61519798005546200148 
0.00681064761105025594 0.37962734250138557845 0.00000000100000000000 0.61356200888756429190 
0.00000000099999999998 0.29064968961217108046 0.07970582368732170853 0.62964448570050712828 
0.02029349836508542032 0.30311156309765219241 0.01818330246791939261 0.65841163606934294261 
0.00000000099999999974 0.00000000099999999974 0.99999999699999997382 0.00000000099999999974 
0.00000000100000000000 0.25706744833734729294 0.06746988351415919571 0.67546266714849345636 
0.00000000099999999999 0.20182897583986059153 0.04925345810255304241 0.74891756505758644291 
0.00000000099999999999 0.28256305359440136993 0.08298770408053356140 0.63444924132506497205 
0.00000000099999999999 0.30187397743270472095 0.02852682386681389126 0.66959919770048137444 
0.99999999699999997382 0.00000000099999999997 0.00000000099999999997 0.00000000099999999997 
0.00000000099999999988 0.00000000099999999988 0.99999999699999986280 0.00000000099999999988 
0.00000000099999999999 0.34211094686270560050 0.01656766831549445068 0.64132138382179981750 
0.11083781171634490836 0.47409261527831481065 0.00000000100000000000 0.41506957200534033703 
0.00000000100000000000 0.30107649348197318417 0.03753364727497442849 0.66138985824305240868 
0.00000000099999999997 0.99999999700000008485 0.00000000099999999997 0.00000000099999999997 
0.99999999700000008485 0.00000000099999999987 0.00000000099999999987 0.00000000099999999987 
0.00000000099999999998 0.00000000099999999998 0.00003543359103651717 0.99996456440896352991 
0.00000000099999999999 0.00000000099999999999 0.07447601891656029094 0.92552397908343975175 
0.99999999699999997382 0.00000000099999999992 0.00000000099999999992 0.00000000099999999992 
0.00000000099999999999 0.26642467034199246445 0.05952555268189103216 0.67404977597611637208 
0.00000000099999999999 0.99999999699999997382 0.00000000099999999999 0.00000000099999999999 
0.00000000099999999997 0.99999999699999997382 0.00000000099999999997 0.00000000099999999997 
0.00000000099999999998 0.35331612965496161927 0.07101694053696300246 0.57566692880807535104 
0.00000000099999999998 0.68880526662143459760 0.08402992976774914524 0.22716480261081642422 
0.14314580278102873034 0.36211510407325542271 0.00000000099999999999 0.49473909214571581971 
0.00000000099999999996 0.99999999700000008485 0.00000000099999999996 0.00000000099999999996 
0.00000000099999999995 0.99999999700000008485 0.00000000099999999995 0.00000000099999999995 
0.00000000099999999997 0.00000000099999999997 0.00000000099999999997 0.99999999700000008485 
0.00000000099999999999 0.21019803597488470603 0.04413705834185206733 0.74566490468326329655 
0.00000000099999999999 0.40657160901262934249 0.03069589458983264935 0.56273249539753800175 
0.00000000099999999999 0.29313824417580724990 0.05662556352794630848 0.65023619129624643520 
0.00000000099999999998 0.00000000099999999998 0.00000000099999999998 0.99999999699999997382 
0.00000000099999999991 0.99999999700000008485 0.00000000099999999991 0.00000000099999999991 
0.00000000099999999999 0.18290621272065021863 0.03353156677685048548 0.78356221950249926866 
0.00000000099999999998 0.00000000099999999998 0.00000000099999999998 0.99999999700000008485 
0.00000000099999999998 0.30854060655346648989 0.04898199580925955560 0.64247739663727387871 
0.01700354692633932602 0.25676426804666691028 0.03713273503596486308 0.68909944999102878960 
0.00000000099999999999 0.24708771045248395515 0.00912812499849525831 0.74378416354902077146 
0.00000000099999999999 0.00000000099999999999 0.02998799778683600148 0.97001200021316402733 
0.03244814817719706562 0.29943366814595623326 0.08183416050760458638 0.58628402316924210780 
0.00000000099999999999 0.33696521633958020914 0.05224721292366754644 0.61078756973675218944 
0.00000000099999999999 0.34422959215279003153 0.04702597752159162064 0.60874442932561811936 
0.99999999700000008485 0.00000000099999999985 0.00000000099999999985 0.00000000099999999985 
0.99999999700000008485 0.00000000099999999982 0.00000000099999999982 0.00000000099999999982 
0.00000000099999999999 0.00021206788619458492 0.05370840505181678076 0.94607952606198864043 
0.00000000099999999999 0.16396524574368648297 0.02232625607420459304 0.81370849718210880308 
0.00000000099999999997 0.00000000099999999997 0.00000000099999999997 0.99999999700000008485 
0.00000000099999999998 0.33537195196479946402 0.01620183540788564663 0.64842621162731473028 
0.00000000099999999998 0.38620619251715021525 0.03582064915868082150 0.57797315732416887357 
0.00000000099999999999 0.27690146159329270814 0.11427113984192582841 0.60882739756478143622 
0.00000000099999999999 0.28784433987176077929 0.04528771700843561149 0.66686794211980371383 
0.00891309428212457358 0.29279865607618021928 0.03940139504090352934 0.65888685460079177147 
0.00000000099999999998 0.24786524246208377353 0.01171996672732610566 0.74041478981059027920 
0.00000000099999999999 0.16708653770278836248 0.07011541695705815480 0.76279804434015363590 
0.00000000099999999999 0.31730686052322820689 0.07008444652288176036 0.61260869195389000552 
0.00000000099999999999 0.24347382522596239252 0.01950128990091783837 0.73702488387311981821 
0.00000000099999999999 0.32403727198274739907 0.00124787825235613816 0.67471484876489651317 
0.00000000099999999999 0.32827124279676012097 0.06662434322517728214 0.60510441297806250027 
0.00000000099999999999 0.27095413367538578875 0.09077193617868679898 0.63827392914592750994 
0.00000000099999999999 0.25135358855273620682 0.00000000099999999999 0.74864640944726390526 
0.00000000099999999997 0.00000000099999999997 0.00035955557455942148 0.99964044242544070062 
0.00000000099999999997 0.00000000099999999997 0.02425583869133430409 0.97574415930866564839 
0.00000000099999999999 0.00000000099999999999 0.00000000099999999999 0.99999999700000008485 
0.00000000099999999999 0.26838308439720021115 0.07699985829604069631 0.65461705630675914858 
0.99999999699999997382 0.00000000099999999985 0.00000000099999999985 0.00000000099999999985 
0.00000000099999999997 0.00000000099999999997 0.02991312821122582566 0.97008686978877411988 
0.00000000099999999998 0.27830774155602727715 0.09674890328493429559 0.62494335415903834452 
0.00000000099999999999 0.35623301384983224738 0.11034430004930043112 0.53342268510086732203 
0.01367841598984478359 0.23878588727708308093 0.09590531375522651225 0.65163038297784570130 
0.00000000099999999998 0.00000000099999999998 0.01582705125011567640 0.98417294674988431424 
0.00000000099999999997 0.99999999699999997382 0.00000000099999999997 0.00000000099999999997 
0.00000000099999999999 0.27129923159398794397 0.02373876778183598921 0.70496199962417616103 
0.79834748568070423858 0.00000000099999999998 0.20165251231929565146 0.00000000099999999998 
0.00000000099999999998 0.00000000099999999998 0.00000000099999999998 0.99999999700000008485 
0.00000000099999999999 0.21048022563624874115 0.03200298191082990434 0.75751679145292138973 
0.00000000099999999999 0.20484642006218756194 0.07967902798642532980 0.71547455095138723369 
0.02841492144919105164 0.31460420887332790629 0.04425401790768472565 0.61272685176979635457 
0.00000000099999999998 0.00000000099999999998 0.10638957973658670630 0.89361041826341325311 
0.00000000099999999999 0.36088995183921146470 0.07989729969401908327 0.55921274746676929990 
0.00000000099999999999 0.28342347038455190100 0.04880416480126808371 0.66777236381418003663 
0.00000000099999999999 0.35082084987176426205 0.05934577968707557827 0.58983336944116016021 
0.00000000099999999999 0.35044437637453684786 0.00000072703144450449 0.64955489559401857758 
0.05595510360610737866 0.33676675498052610624 0.00785127517651675565 0.59942686623684982017 
0.00000000099999999999 0.23788671011345960404 0.00000000099999999999 0.76211328788654042476 
