0.000000	0.262075	0.267901	0.266974	0.267015	0.272796	0.262952	0.268192	0.260986	0.264078	0.268742	0.316590	0.290276	0.263455	0.320368	0.262893	0.264005	0.265085	0.262215	0.263586	0.323536	0.264167	0.266712	0.262486	0.268553	0.266354	0.268724	0.269626	0.267951	0.269712	0.265262	0.263621	0.260818	0.268213	0.263009	0.318919	0.268592	0.270191	0.283941	0.268561	0.270408	0.323363	0.263173	0.265256	0.315769	0.265059	0.272412	0.268231	0.267111	0.266467	0.285695	0.263202	0.267917	0.267850	0.268339	0.264296	0.264425	0.264611	0.269209	0.264136	0.265589	0.261479	0.262657	0.264537	0.268668	0.268424	0.266770	0.268697	0.322017	0.323864	0.261862	0.264950	0.261593	0.266391	0.264738	0.260732	0.264765	0.266103	0.265965	0.263731	0.263133	0.266864	0.267521	0.266883	0.260284	0.264864	0.262687	0.265097	0.263874	0.263795	0.320938	0.265889	0.263282	0.264916	0.264404	0.263008	0.271241	0.263960	0.310267	0.266534	0.267239	0.269746	0.266792	0.262904	0.264189	0.267109	0.260317	0.275283	0.274145	0.267223	
0.262075	0.000000	0.261468	0.271864	0.269268	0.275121	0.264612	0.271448	0.266973	0.263439	0.272029	0.320627	0.292851	0.266212	0.317844	0.261889	0.263123	0.264434	0.266700	0.264325	0.325432	0.265442	0.270631	0.264446	0.263695	0.263256	0.260507	0.265242	0.261215	0.269579	0.270812	0.267537	0.266939	0.264906	0.264429	0.319763	0.267764	0.266251	0.279532	0.269370	0.275118	0.322102	0.267344	0.268586	0.314080	0.267655	0.278319	0.268981	0.263824	0.265440	0.280157	0.267204	0.273853	0.266638	0.266711	0.263163	0.267840	0.262054	0.270214	0.265690	0.264890	0.265186	0.267894	0.263502	0.265556	0.267455	0.266948	0.271927	0.323796	0.326322	0.263875	0.265728	0.262882	0.267140	0.266250	0.261029	0.265847	0.270163	0.269947	0.269954	0.258894	0.265054	0.265544	0.268339	0.267603	0.266365	0.265150	0.266172	0.262291	0.267083	0.321086	0.266029	0.267355	0.265939	0.265333	0.265812	0.268915	0.263598	0.312012	0.264460	0.267921	0.272113	0.268998	0.261569	0.266061	0.265106	0.261737	0.268820	0.272343	0.264213	
0.267901	0.261468	0.000000	0.265967	0.264053	0.270507	0.264353	0.271539	0.268288	0.266892	0.268580	0.320514	0.291593	0.262078	0.320327	0.261318	0.263142	0.265147	0.264522	0.261983	0.325545	0.263703	0.267692	0.268310	0.264575	0.268289	0.265457	0.269621	0.264640	0.272235	0.262363	0.265886	0.264489	0.264718	0.268312	0.322627	0.266148	0.268986	0.284926	0.264880	0.274786	0.320404	0.265110	0.265911	0.319807	0.264150	0.277222	0.266644	0.265782	0.267042	0.283230	0.261254	0.272807	0.268623	0.270052	0.249476	0.267040	0.266753	0.267301	0.265262	0.265971	0.264537	0.261674	0.268751	0.268744	0.267903	0.270235	0.270823	0.324018	0.321861	0.261086	0.266627	0.264496	0.269782	0.265728	0.264297	0.267364	0.264927	0.264892	0.264729	0.265617	0.262490	0.267926	0.265912	0.262503	0.264965	0.263417	0.265662	0.266600	0.265403	0.320987	0.261982	0.268647	0.268585	0.265213	0.262928	0.270549	0.266041	0.315422	0.269737	0.269279	0.267007	0.265959	0.261191	0.266004	0.268134	0.265106	0.264545	0.273009	0.265677	
0.266974	0.271864	0.265967	0.000000	0.264770	0.266259	0.268111	0.271214	0.268850	0.267173	0.270563	0.325307	0.293334	0.268241	0.321198	0.268012	0.266693	0.266044	0.264798	0.268708	0.325900	0.263836	0.271179	0.271403	0.268615	0.270100	0.269937	0.272673	0.263137	0.266242	0.267832	0.270357	0.269627	0.270322	0.269696	0.314686	0.272178	0.268827	0.278985	0.266489	0.272363	0.323440	0.267692	0.265313	0.317636	0.267461	0.275504	0.270507	0.272566	0.269874	0.285510	0.265197	0.264906	0.273529	0.268992	0.268859	0.265761	0.268717	0.271354	0.267628	0.268666	0.268788	0.269775	0.265389	0.271891	0.267798	0.271739	0.271668	0.322576	0.324067	0.263936	0.268704	0.269482	0.265912	0.267621	0.264817	0.270753	0.263772	0.266208	0.266623	0.266473	0.267171	0.272339	0.267376	0.268078	0.267694	0.265640	0.265516	0.270335	0.263065	0.320728	0.268912	0.271892	0.268414	0.270407	0.267419	0.275233	0.266519	0.316767	0.271794	0.269640	0.273330	0.271701	0.266987	0.265595	0.268517	0.267753	0.271013	0.270988	0.268481	
0.267015	0.269268	0.264053	0.264770	0.000000	0.273508	0.272480	0.270953	0.267967	0.267830	0.270322	0.324537	0.297016	0.268527	0.323295	0.265395	0.262421	0.272680	0.267135	0.265960	0.322072	0.267887	0.269820	0.265800	0.265301	0.272954	0.264757	0.271261	0.266739	0.273977	0.268482	0.268753	0.269555	0.268198	0.265646	0.322279	0.269524	0.267554	0.285466	0.267866	0.274701	0.327260	0.266553	0.271291	0.319264	0.269103	0.273751	0.268861	0.267027	0.241348	0.291133	0.266578	0.243573	0.267842	0.270979	0.266479	0.268993	0.271643	0.272522	0.271323	0.267211	0.266147	0.269175	0.267055	0.269650	0.264645	0.268062	0.270074	0.323455	0.325707	0.265655	0.266674	0.269421	0.265734	0.271159	0.265036	0.270369	0.269492	0.269305	0.266603	0.266700	0.269192	0.271507	0.270441	0.268964	0.269351	0.264125	0.267016	0.267362	0.268399	0.317445	0.265991	0.269224	0.268354	0.270235	0.269283	0.272378	0.261926	0.314775	0.265870	0.265463	0.269837	0.269686	0.266771	0.264577	0.272553	0.265725	0.269189	0.275446	0.268087	
0.272796	0.275121	0.270507	0.266259	0.273508	0.000000	0.270980	0.271727	0.272182	0.270377	0.278039	0.324019	0.297408	0.267377	0.325031	0.267992	0.267082	0.271610	0.268686	0.266833	0.320948	0.264842	0.268846	0.267472	0.267252	0.274801	0.270153	0.272208	0.272545	0.272925	0.275244	0.269039	0.271082	0.272646	0.267942	0.331785	0.268974	0.269994	0.286307	0.261385	0.276830	0.323838	0.270592	0.267986	0.322521	0.275206	0.279546	0.273509	0.269397	0.269394	0.290608	0.270636	0.277895	0.275831	0.278053	0.264187	0.271742	0.271380	0.274362	0.268320	0.267256	0.269716	0.268648	0.267196	0.267282	0.263095	0.273865	0.270983	0.323054	0.324024	0.266870	0.270425	0.265979	0.267551	0.269578	0.269318	0.273539	0.269811	0.277234	0.275056	0.271618	0.273340	0.269446	0.279102	0.262110	0.272031	0.267021	0.268636	0.269767	0.268806	0.322488	0.271447	0.269294	0.276618	0.274186	0.270304	0.272365	0.274929	0.314169	0.274678	0.271519	0.266402	0.264062	0.267850	0.272252	0.274510	0.273787	0.264052	0.275581	0.267119	
0.262952	0.264612	0.264353	0.268111	0.272480	0.270980	0.000000	0.269027	0.266612	0.263662	0.270471	0.318775	0.291243	0.263925	0.320143	0.260536	0.266052	0.270821	0.268143	0.265525	0.322754	0.262695	0.271033	0.269400	0.266140	0.266723	0.266921	0.267173	0.258426	0.271764	0.264372	0.264883	0.268446	0.270954	0.263451	0.319600	0.268669	0.266880	0.279107	0.262930	0.273743	0.321912	0.264224	0.264626	0.316834	0.263141	0.273742	0.268790	0.261396	0.263846	0.284263	0.265005	0.267619	0.269090	0.267510	0.259999	0.263948	0.266403	0.270907	0.264175	0.266530	0.267985	0.266606	0.268968	0.264537	0.268009	0.267712	0.264371	0.319323	0.320271	0.266263	0.266624	0.265345	0.268354	0.266688	0.266793	0.267140	0.268220	0.262639	0.266550	0.262301	0.264725	0.266549	0.267800	0.264763	0.269275	0.266112	0.265427	0.262669	0.265909	0.319546	0.265867	0.266483	0.266468	0.263895	0.265959	0.271768	0.268048	0.308710	0.271704	0.262693	0.270244	0.268807	0.257978	0.264037	0.268099	0.268880	0.270469	0.271305	0.263346	
0.268192	0.271448	0.271539	0.271214	0.270953	0.271727	0.269027	0.000000	0.271321	0.271516	0.278754	0.322511	0.297035	0.270282	0.321516	0.262861	0.269212	0.271680	0.267143	0.265659	0.327248	0.270562	0.273074	0.271428	0.270865	0.271565	0.268367	0.273155	0.266994	0.274403	0.270740	0.265574	0.270136	0.272503	0.269589	0.324589	0.275855	0.272991	0.280849	0.270733	0.281035	0.326132	0.270929	0.272652	0.323888	0.271898	0.281688	0.272216	0.270565	0.269692	0.285979	0.271767	0.275362	0.270480	0.272427	0.258731	0.273955	0.271087	0.211710	0.269482	0.270625	0.270502	0.276196	0.273802	0.272137	0.274062	0.270132	0.270854	0.327262	0.325292	0.265845	0.269505	0.268156	0.270447	0.270328	0.269135	0.271064	0.268824	0.270978	0.270983	0.266393	0.267235	0.272324	0.267460	0.267842	0.273372	0.266496	0.266170	0.271695	0.270748	0.323552	0.272192	0.272585	0.271598	0.272982	0.269958	0.276506	0.266634	0.317460	0.271964	0.270466	0.275242	0.273292	0.264502	0.267297	0.270401	0.272186	0.271746	0.277158	0.270757	
0.260986	0.266973	0.268288	0.268850	0.267967	0.272182	0.266612	0.271321	0.000000	0.264595	0.272406	0.318729	0.291524	0.262576	0.319915	0.265529	0.263492	0.269507	0.266487	0.262256	0.318717	0.263575	0.271386	0.266940	0.265531	0.268581	0.265062	0.276941	0.264725	0.271581	0.269435	0.268112	0.266554	0.264802	0.268434	0.323289	0.269751	0.263556	0.288673	0.265776	0.271780	0.321977	0.268223	0.265411	0.318544	0.267161	0.275309	0.265930	0.268501	0.265006	0.283941	0.264949	0.266961	0.266563	0.267894	0.260440	0.269257	0.266796	0.270185	0.266924	0.264202	0.265452	0.267426	0.265282	0.268843	0.265733	0.265612	0.268478	0.321308	0.322183	0.263816	0.264561	0.267660	0.269172	0.265125	0.257537	0.269955	0.267593	0.265775	0.267328	0.264719	0.267372	0.268747	0.268589	0.264570	0.263987	0.263342	0.263225	0.266346	0.267743	0.320063	0.265858	0.262014	0.268393	0.268748	0.262482	0.271556	0.263617	0.310396	0.266210	0.268970	0.269697	0.268404	0.259420	0.265167	0.267808	0.264125	0.274878	0.269071	0.264101	
0.264078	0.263439	0.266892	0.267173	0.267830	0.270377	0.263662	0.271516	0.264595	0.000000	0.269841	0.319886	0.290326	0.263687	0.319640	0.263497	0.260646	0.267975	0.269202	0.264057	0.321972	0.263540	0.269526	0.267208	0.266719	0.271624	0.268987	0.270089	0.262819	0.267559	0.268598	0.268978	0.267468	0.266591	0.263675	0.319091	0.267379	0.267795	0.280692	0.262941	0.272761	0.316782	0.261784	0.264060	0.315027	0.262387	0.273246	0.266625	0.267702	0.264084	0.280212	0.262601	0.268356	0.267527	0.269489	0.262005	0.268015	0.263335	0.270976	0.263865	0.263752	0.264476	0.259360	0.267932	0.266266	0.263276	0.266546	0.269461	0.323868	0.323005	0.265402	0.265865	0.264179	0.263513	0.266794	0.264881	0.266063	0.262752	0.264600	0.268349	0.258083	0.265423	0.267897	0.263913	0.263552	0.267086	0.263232	0.266400	0.267254	0.266537	0.320058	0.264378	0.267912	0.267766	0.266716	0.267145	0.270760	0.264653	0.312505	0.263713	0.264321	0.267372	0.266940	0.263014	0.265632	0.267186	0.266963	0.268008	0.268990	0.262105	
0.268742	0.272029	0.268580	0.270563	0.270322	0.278039	0.270471	0.278754	0.272406	0.269841	0.000000	0.320065	0.295472	0.269641	0.319429	0.266436	0.272306	0.271264	0.272488	0.270093	0.327711	0.266318	0.272154	0.271749	0.275148	0.279070	0.269667	0.278739	0.270748	0.271831	0.271737	0.274976	0.277278	0.270403	0.273374	0.317028	0.273384	0.275121	0.281979	0.266895	0.265678	0.323541	0.270334	0.272449	0.318529	0.271393	0.266815	0.273593	0.266980	0.271883	0.288613	0.268791	0.265915	0.273355	0.278185	0.269382	0.272288	0.273400	0.241874	0.271945	0.269655	0.270403	0.269926	0.268639	0.274736	0.265669	0.271952	0.274968	0.315060	0.322581	0.268722	0.275168	0.273895	0.270946	0.267952	0.265590	0.269729	0.271515	0.271263	0.274768	0.267438	0.269523	0.271179	0.268525	0.269127	0.274858	0.269303	0.270184	0.272250	0.269267	0.315753	0.274444	0.269193	0.269793	0.277523	0.269541	0.272408	0.271692	0.314351	0.271161	0.270000	0.272253	0.274680	0.265335	0.271305	0.270326	0.266759	0.273333	0.282712	0.267073	
0.316590	0.320627	0.320514	0.325307	0.324537	0.324019	0.318775	0.322511	0.318729	0.319886	0.320065	0.000000	0.280074	0.318037	0.238590	0.321390	0.320395	0.318724	0.319417	0.318027	0.235912	0.318069	0.319031	0.318966	0.317434	0.319973	0.317928	0.324908	0.317777	0.318948	0.324920	0.319573	0.321163	0.322682	0.320370	0.244487	0.321197	0.321118	0.316723	0.318824	0.323904	0.233159	0.318851	0.320040	0.234485	0.320270	0.325742	0.319987	0.320561	0.318059	0.316002	0.319205	0.318002	0.322591	0.323941	0.319558	0.319051	0.317167	0.319655	0.318536	0.319618	0.323081	0.317749	0.322917	0.317914	0.315417	0.319544	0.322653	0.238978	0.233493	0.321012	0.318357	0.317044	0.324259	0.319390	0.318138	0.324793	0.319009	0.322466	0.317296	0.316726	0.321325	0.321015	0.325167	0.312491	0.321322	0.321330	0.317415	0.315890	0.319170	0.234827	0.320578	0.321557	0.322624	0.321053	0.318922	0.324149	0.319654	0.258553	0.317253	0.319768	0.323529	0.317775	0.316273	0.317014	0.318206	0.318434	0.319642	0.320008	0.317660	
0.290276	0.292851	0.291593	0.293334	0.297016	0.297408	0.291243	0.297035	0.291524	0.290326	0.295472	0.280074	0.000000	0.291776	0.282252	0.293942	0.291792	0.293952	0.290488	0.289800	0.286898	0.291949	0.295387	0.292230	0.294774	0.298067	0.291702	0.302201	0.288191	0.293597	0.290102	0.293504	0.290655	0.293846	0.292047	0.285669	0.293179	0.293036	0.294229	0.299384	0.294733	0.281746	0.293330	0.296652	0.281284	0.290420	0.300970	0.301020	0.295321	0.295184	0.296018	0.290500	0.300159	0.294287	0.294543	0.290131	0.292929	0.292208	0.295024	0.291780	0.294028	0.293848	0.292205	0.294060	0.295200	0.294578	0.291642	0.293048	0.278381	0.279452	0.294127	0.293312	0.294767	0.294773	0.296201	0.290903	0.294295	0.294365	0.294638	0.292678	0.291442	0.292220	0.299320	0.297289	0.291318	0.295971	0.294821	0.292083	0.290839	0.292911	0.281495	0.293633	0.296357	0.295134	0.292182	0.290310	0.301962	0.296222	0.232970	0.292184	0.296791	0.296168	0.292427	0.294186	0.294344	0.291185	0.292334	0.297534	0.297238	0.292221	
0.263455	0.266212	0.262078	0.268241	0.268527	0.267377	0.263925	0.270282	0.262576	0.263687	0.269641	0.318037	0.291776	0.000000	0.318414	0.259234	0.261161	0.262636	0.265842	0.266814	0.320236	0.263721	0.265305	0.263494	0.263277	0.266236	0.265587	0.264795	0.263555	0.272494	0.269688	0.264901	0.263359	0.266117	0.264932	0.321991	0.269161	0.263697	0.277248	0.264531	0.269446	0.322908	0.262130	0.265347	0.315687	0.267022	0.275155	0.271171	0.268080	0.264133	0.284325	0.260799	0.271534	0.267084	0.264545	0.261927	0.265889	0.265844	0.267529	0.263035	0.262459	0.262803	0.259721	0.264281	0.265978	0.262103	0.265953	0.266738	0.322241	0.324301	0.263002	0.266903	0.262922	0.266988	0.265667	0.260242	0.264265	0.264421	0.263056	0.263220	0.268125	0.263508	0.264862	0.265222	0.264958	0.267299	0.264024	0.267248	0.263031	0.260888	0.316836	0.266262	0.265520	0.263923	0.267315	0.259628	0.270168	0.260817	0.311517	0.269211	0.259388	0.272533	0.263617	0.260013	0.264183	0.265142	0.264816	0.267798	0.266691	0.262229	
0.320368	0.317844	0.320327	0.321198	0.323295	0.325031	0.320143	0.321516	0.319915	0.319640	0.319429	0.238590	0.282252	0.318414	0.000000	0.315747	0.317797	0.316690	0.323315	0.320452	0.243347	0.316096	0.319911	0.318886	0.319320	0.321294	0.319814	0.325895	0.319628	0.319204	0.322377	0.317738	0.316938	0.322702	0.318115	0.249576	0.321397	0.316432	0.312757	0.321083	0.320936	0.240920	0.320469	0.319223	0.241660	0.318974	0.320495	0.325767	0.321093	0.322449	0.314983	0.319137	0.325395	0.320026	0.323994	0.317205	0.319930	0.316304	0.321014	0.322036	0.318270	0.322183	0.319683	0.320386	0.320546	0.320171	0.319628	0.320314	0.238001	0.235959	0.314654	0.316666	0.317073	0.319435	0.319493	0.312932	0.322078	0.318992	0.320514	0.323518	0.317070	0.314837	0.320591	0.323408	0.316282	0.321658	0.318868	0.316876	0.312613	0.324430	0.237583	0.321229	0.320200	0.328110	0.318010	0.316961	0.328588	0.316118	0.260729	0.320990	0.318688	0.324882	0.317273	0.313627	0.314735	0.317499	0.315758	0.320401	0.320269	0.319095	
0.262893	0.261889	0.261318	0.268012	0.265395	0.267992	0.260536	0.262861	0.265529	0.263497	0.266436	0.321390	0.293942	0.259234	0.315747	0.000000	0.261756	0.269421	0.263380	0.261119	0.321689	0.259373	0.265779	0.265395	0.261956	0.263015	0.266886	0.267300	0.258266	0.267875	0.263023	0.262315	0.257188	0.265905	0.265000	0.308390	0.264632	0.265615	0.280109	0.262695	0.269339	0.325399	0.263647	0.263994	0.316387	0.262058	0.271581	0.267980	0.261908	0.259763	0.279696	0.262319	0.267645	0.266719	0.263507	0.259591	0.267722	0.261249	0.267439	0.259957	0.261350	0.264134	0.264999	0.262510	0.263328	0.264937	0.263214	0.264657	0.317480	0.319512	0.258818	0.264150	0.263383	0.264934	0.266001	0.260403	0.265807	0.258545	0.266243	0.264576	0.257826	0.263585	0.263044	0.261765	0.268330	0.260768	0.260223	0.262433	0.262238	0.261809	0.318751	0.263244	0.264107	0.266897	0.264966	0.260785	0.267710	0.259906	0.309306	0.267934	0.262635	0.265798	0.264912	0.254634	0.261739	0.263016	0.262109	0.261438	0.269861	0.262306	
0.264005	0.263123	0.263142	0.266693	0.262421	0.267082	0.266052	0.269212	0.263492	0.260646	0.272306	0.320395	0.291792	0.261161	0.317797	0.261756	0.000000	0.263514	0.265771	0.259999	0.320001	0.258013	0.264160	0.262574	0.267105	0.266003	0.266227	0.268627	0.261580	0.265943	0.265540	0.269573	0.260995	0.264814	0.264714	0.318821	0.265285	0.263390	0.281130	0.261882	0.271261	0.323075	0.261989	0.265869	0.318256	0.263883	0.272437	0.265876	0.264266	0.267394	0.284477	0.261216	0.264235	0.263885	0.265954	0.259426	0.265985	0.263029	0.269428	0.258922	0.259793	0.263526	0.260272	0.261894	0.265609	0.261439	0.265738	0.267442	0.319184	0.320713	0.264131	0.264076	0.260906	0.261530	0.265386	0.265672	0.263574	0.261626	0.263610	0.263036	0.264975	0.265189	0.262165	0.264316	0.264369	0.265236	0.263455	0.261489	0.262758	0.261023	0.317006	0.262142	0.265080	0.261091	0.269413	0.260190	0.270519	0.263972	0.313717	0.262975	0.264403	0.267080	0.269082	0.264172	0.258723	0.266365	0.263300	0.269433	0.267068	0.263986	
0.265085	0.264434	0.265147	0.266044	0.272680	0.271610	0.270821	0.271680	0.269507	0.267975	0.271264	0.318724	0.293952	0.262636	0.316690	0.269421	0.263514	0.000000	0.264814	0.264071	0.320431	0.264347	0.274532	0.267539	0.266418	0.266962	0.268813	0.274505	0.266591	0.266543	0.268364	0.269940	0.266267	0.268708	0.270125	0.318935	0.271588	0.269293	0.281991	0.268143	0.277483	0.323386	0.268059	0.265805	0.319346	0.268257	0.275422	0.273385	0.267110	0.268052	0.282827	0.266827	0.273000	0.265982	0.268448	0.264350	0.267101	0.269905	0.271610	0.264763	0.268512	0.268622	0.268628	0.269126	0.270734	0.267239	0.267714	0.273110	0.324167	0.320842	0.265849	0.270345	0.266441	0.269847	0.264903	0.268162	0.268781	0.268722	0.270334	0.269323	0.264988	0.269494	0.269439	0.270298	0.267173	0.268438	0.264995	0.265152	0.264912	0.264609	0.321220	0.266456	0.270079	0.270765	0.271302	0.265287	0.276136	0.266643	0.312597	0.269284	0.272040	0.270760	0.271860	0.264933	0.266655	0.269059	0.266130	0.274583	0.274469	0.264013	
0.262215	0.266700	0.264522	0.264798	0.267135	0.268686	0.268143	0.267143	0.266487	0.269202	0.272488	0.319417	0.290488	0.265842	0.323315	0.263380	0.265771	0.264814	0.000000	0.265160	0.323244	0.266106	0.269491	0.262956	0.265291	0.270632	0.266304	0.272169	0.261805	0.268830	0.218854	0.262305	0.266433	0.270325	0.266707	0.322578	0.265821	0.268763	0.283890	0.266351	0.275794	0.327948	0.260826	0.264318	0.319162	0.269316	0.273930	0.271447	0.264100	0.264097	0.290661	0.264402	0.269141	0.268032	0.267373	0.263256	0.264702	0.265332	0.271428	0.263245	0.264804	0.267275	0.265920	0.267924	0.263130	0.264394	0.268491	0.270956	0.323771	0.327799	0.266090	0.269032	0.263799	0.269364	0.265182	0.262559	0.266901	0.264250	0.267440	0.262662	0.263091	0.267250	0.269851	0.262364	0.265748	0.270627	0.263101	0.267071	0.269374	0.264425	0.321405	0.264897	0.265707	0.262626	0.264172	0.261982	0.272523	0.263936	0.310443	0.269549	0.264942	0.270499	0.269884	0.261305	0.266947	0.267998	0.265470	0.268110	0.274034	0.264397	
0.263586	0.264325	0.261983	0.268708	0.265960	0.266833	0.265525	0.265659	0.262256	0.264057	0.270093	0.318027	0.289800	0.266814	0.320452	0.261119	0.259999	0.264071	0.265160	0.000000	0.322401	0.259961	0.261875	0.269331	0.268063	0.266223	0.263200	0.271682	0.263182	0.265970	0.263179	0.263470	0.261874	0.266664	0.264101	0.318519	0.267679	0.264725	0.283704	0.263092	0.269298	0.320665	0.264604	0.263362	0.316126	0.258995	0.270559	0.268081	0.262385	0.267661	0.281554	0.263574	0.270358	0.267727	0.266744	0.260424	0.264094	0.264668	0.269159	0.259127	0.265027	0.263537	0.261345	0.262353	0.269961	0.266592	0.264246	0.263677	0.318563	0.320168	0.261290	0.262830	0.260856	0.262712	0.268340	0.264076	0.268769	0.266296	0.268084	0.264978	0.262582	0.261539	0.268682	0.265956	0.264227	0.266742	0.262646	0.265939	0.264827	0.266494	0.318930	0.265959	0.270911	0.266755	0.264951	0.261627	0.275394	0.264772	0.311447	0.266957	0.265993	0.268345	0.266770	0.262762	0.269478	0.264958	0.266491	0.264644	0.271766	0.265257	
0.323536	0.325432	0.325545	0.325900	0.322072	0.320948	0.322754	0.327248	0.318717	0.321972	0.327711	0.235912	0.286898	0.320236	0.243347	0.321689	0.320001	0.320431	0.323244	0.322401	0.000000	0.318349	0.325353	0.324578	0.324387	0.324369	0.324542	0.325063	0.322313	0.322305	0.327452	0.324296	0.321620	0.327712	0.322647	0.254083	0.326200	0.320272	0.321114	0.324362	0.323897	0.239452	0.320721	0.325360	0.242729	0.324679	0.326632	0.326913	0.323567	0.322409	0.319066	0.324377	0.319749	0.324735	0.323211	0.320973	0.324677	0.320581	0.326113	0.320595	0.321635	0.325699	0.320009	0.324579	0.324917	0.320741	0.323529	0.320364	0.240146	0.240886	0.321551	0.316261	0.321742	0.321972	0.324926	0.317515	0.325427	0.318716	0.321340	0.324246	0.319448	0.320852	0.325432	0.322874	0.320190	0.326328	0.323783	0.319565	0.315743	0.322140	0.239845	0.324616	0.323977	0.319946	0.321074	0.319321	0.322848	0.321814	0.263277	0.324000	0.324203	0.326101	0.322603	0.319585	0.319158	0.322576	0.322668	0.326142	0.327268	0.319522	
0.264167	0.265442	0.263703	0.263836	0.267887	0.264842	0.262695	0.270562	0.263575	0.263540	0.266318	0.318069	0.291949	0.263721	0.316096	0.259373	0.258013	0.264347	0.266106	0.259961	0.318349	0.000000	0.269541	0.262702	0.267141	0.267249	0.261291	0.268399	0.258925	0.264451	0.264678	0.262593	0.258164	0.265277	0.264949	0.317924	0.266551	0.267904	0.275506	0.266792	0.271427	0.318587	0.262395	0.261602	0.314522	0.263532	0.270971	0.266214	0.261062	0.265183	0.283686	0.262167	0.269301	0.264860	0.270187	0.260100	0.266485	0.267428	0.269520	0.260346	0.266771	0.266720	0.265157	0.263106	0.264600	0.267154	0.261132	0.268582	0.315448	0.322836	0.263313	0.268348	0.259802	0.266390	0.264567	0.260256	0.265535	0.263877	0.267836	0.266547	0.263198	0.268281	0.264222	0.259325	0.262030	0.261510	0.261060	0.259081	0.263022	0.263334	0.314847	0.263616	0.264578	0.263271	0.267184	0.260832	0.269491	0.259977	0.307058	0.263994	0.269193	0.269552	0.266675	0.260212	0.264002	0.265439	0.264405	0.267049	0.273855	0.263853	
0.266712	0.270631	0.267692	0.271179	0.269820	0.268846	0.271033	0.273074	0.271386	0.269526	0.272154	0.319031	0.295387	0.265305	0.319911	0.265779	0.264160	0.274532	0.269491	0.261875	0.325353	0.269541	0.000000	0.271945	0.268266	0.270066	0.270563	0.271558	0.268113	0.266843	0.268560	0.269046	0.266583	0.269343	0.269656	0.324059	0.274731	0.271612	0.280582	0.267253	0.275850	0.323801	0.272374	0.271891	0.315450	0.267528	0.277476	0.272427	0.265440	0.266775	0.286621	0.268852	0.275878	0.267461	0.270921	0.262137	0.272857	0.270360	0.273854	0.268089	0.271669	0.269573	0.269755	0.267054	0.267698	0.272190	0.269442	0.271439	0.324010	0.324507	0.269192	0.269462	0.269220	0.273129	0.270518	0.267257	0.268734	0.270440	0.266594	0.269902	0.266361	0.267887	0.268200	0.272041	0.267223	0.270146	0.269713	0.267689	0.271309	0.270064	0.322327	0.270987	0.268222	0.260941	0.270811	0.269991	0.272158	0.264688	0.315252	0.269422	0.273271	0.272193	0.272463	0.265327	0.270485	0.272885	0.270510	0.273823	0.273962	0.271799	
0.262486	0.264446	0.268310	0.271403	0.265800	0.267472	0.269400	0.271428	0.266940	0.267208	0.271749	0.318966	0.292230	0.263494	0.318886	0.265395	0.262574	0.267539	0.262956	0.269331	0.324578	0.262702	0.271945	0.000000	0.268873	0.265970	0.266406	0.275346	0.264841	0.270649	0.267628	0.268711	0.266239	0.269416	0.270935	0.319660	0.272843	0.267576	0.285356	0.265404	0.274583	0.317860	0.263650	0.268087	0.317418	0.269184	0.277493	0.269161	0.266471	0.267400	0.287536	0.269261	0.270079	0.266936	0.268616	0.262276	0.264920	0.264101	0.271080	0.266371	0.262784	0.271600	0.267997	0.267619	0.265595	0.266480	0.268816	0.270628	0.323095	0.325783	0.266463	0.268413	0.261449	0.268112	0.269317	0.262585	0.272345	0.262754	0.268568	0.264717	0.262677	0.264665	0.268251	0.273200	0.264916	0.266251	0.264207	0.263282	0.265093	0.264218	0.320216	0.270251	0.268338	0.267115	0.266163	0.262850	0.272602	0.263835	0.309908	0.267196	0.268069	0.270739	0.272727	0.257873	0.262420	0.267319	0.268572	0.271108	0.274349	0.268071	
0.268553	0.263695	0.264575	0.268615	0.265301	0.267252	0.266140	0.270865	0.265531	0.266719	0.275148	0.317434	0.294774	0.263277	0.319320	0.261956	0.267105	0.266418	0.265291	0.268063	0.324387	0.267141	0.268266	0.268873	0.000000	0.267067	0.268634	0.268194	0.265875	0.266752	0.264968	0.267039	0.268471	0.265044	0.267804	0.322451	0.269002	0.265455	0.284254	0.264533	0.274968	0.322956	0.270275	0.268356	0.316741	0.266828	0.278983	0.268731	0.267484	0.266753	0.284723	0.266282	0.268082	0.269268	0.267384	0.265273	0.268074	0.263938	0.271042	0.264619	0.267311	0.268735	0.269827	0.271797	0.265058	0.266990	0.268540	0.270357	0.323205	0.321574	0.265039	0.264828	0.268294	0.270441	0.267939	0.261628	0.266557	0.265821	0.265815	0.268102	0.262534	0.264646	0.266170	0.271103	0.268955	0.267901	0.266936	0.264035	0.266800	0.263835	0.320372	0.264325	0.269012	0.268908	0.266898	0.261619	0.270835	0.259708	0.311851	0.265547	0.267117	0.270879	0.268144	0.259648	0.263487	0.266910	0.263838	0.268288	0.274710	0.263507	
0.266354	0.263256	0.268289	0.270100	0.272954	0.274801	0.266723	0.271565	0.268581	0.271624	0.279070	0.319973	0.298067	0.266236	0.321294	0.263015	0.266003	0.266962	0.270632	0.266223	0.324369	0.267249	0.270066	0.265970	0.267067	0.000000	0.264751	0.269945	0.264603	0.271739	0.276152	0.265144	0.263929	0.268357	0.267341	0.323994	0.268081	0.274831	0.283866	0.265016	0.277121	0.322062	0.271082	0.267131	0.320969	0.266762	0.273119	0.270253	0.268239	0.268630	0.287354	0.264518	0.271265	0.270795	0.267501	0.263315	0.268382	0.267224	0.272463	0.265801	0.265544	0.266828	0.266974	0.268644	0.271198	0.266650	0.266622	0.268287	0.323927	0.325447	0.265351	0.267989	0.265863	0.269052	0.265759	0.264261	0.268118	0.266447	0.269990	0.270161	0.267564	0.266375	0.268939	0.266264	0.267351	0.267719	0.265665	0.266536	0.267727	0.266733	0.319962	0.266758	0.270355	0.267597	0.274188	0.264511	0.280062	0.268454	0.316762	0.273738	0.268526	0.270432	0.273388	0.262511	0.268086	0.267804	0.264305	0.271344	0.274640	0.265798	
0.268724	0.260507	0.265457	0.269937	0.264757	0.270153	0.266921	0.268367	0.265062	0.268987	0.269667	0.317928	0.291702	0.265587	0.319814	0.266886	0.266227	0.268813	0.266304	0.263200	0.324542	0.261291	0.270563	0.266406	0.268634	0.264751	0.000000	0.272204	0.264876	0.269593	0.266995	0.267010	0.266143	0.265503	0.269568	0.319432	0.270158	0.268955	0.276322	0.267271	0.274839	0.322333	0.262372	0.268330	0.314123	0.268875	0.273451	0.269919	0.268111	0.266632	0.286123	0.261940	0.267164	0.267563	0.271006	0.260154	0.263658	0.269756	0.266900	0.260208	0.264621	0.268044	0.264078	0.267346	0.269242	0.265121	0.265773	0.268306	0.319997	0.321534	0.259876	0.267942	0.263831	0.266366	0.266199	0.263052	0.267218	0.266827	0.266681	0.268580	0.262149	0.264740	0.267082	0.269433	0.267279	0.266834	0.265462	0.267112	0.271799	0.266467	0.318421	0.263502	0.268765	0.268509	0.263686	0.268287	0.270405	0.266293	0.312514	0.269102	0.267012	0.265389	0.267074	0.262376	0.267321	0.271738	0.263455	0.269771	0.276080	0.266693	
0.269626	0.265242	0.269621	0.272673	0.271261	0.272208	0.267173	0.273155	0.276941	0.270089	0.278739	0.324908	0.302201	0.264795	0.325895	0.267300	0.268627	0.274505	0.272169	0.271682	0.325063	0.268399	0.271558	0.275346	0.268194	0.269945	0.272204	0.000000	0.269521	0.273320	0.272110	0.276378	0.276092	0.273002	0.269908	0.328540	0.275618	0.271660	0.285805	0.267466	0.273798	0.324719	0.269667	0.270648	0.321397	0.271585	0.282144	0.272353	0.273711	0.271120	0.284016	0.269929	0.270340	0.269468	0.275933	0.267034	0.272596	0.272931	0.277833	0.270978	0.270559	0.274578	0.267995	0.268871	0.273558	0.273546	0.273345	0.274867	0.327170	0.325743	0.267172	0.270268	0.266220	0.272786	0.268618	0.269406	0.269766	0.262975	0.275934	0.274950	0.266462	0.273877	0.273378	0.269467	0.273837	0.275100	0.268879	0.267871	0.272773	0.270007	0.324166	0.264560	0.273105	0.272040	0.273273	0.268448	0.274393	0.270415	0.315339	0.272884	0.271755	0.271123	0.265880	0.265855	0.269739	0.270113	0.268443	0.273550	0.268767	0.265209	
0.267951	0.261215	0.264640	0.263137	0.266739	0.272545	0.258426	0.266994	0.264725	0.262819	0.270748	0.317777	0.288191	0.263555	0.319628	0.258266	0.261580	0.266591	0.261805	0.263182	0.322313	0.258925	0.268113	0.264841	0.265875	0.264603	0.264876	0.269521	0.000000	0.267135	0.262299	0.267169	0.261911	0.265458	0.264636	0.320528	0.266965	0.264178	0.277822	0.261708	0.269983	0.321324	0.267188	0.266050	0.318628	0.264083	0.272481	0.260574	0.264983	0.260904	0.285922	0.265064	0.267369	0.261324	0.264896	0.262728	0.265583	0.263492	0.264870	0.260702	0.257795	0.261375	0.264780	0.264792	0.265961	0.262811	0.267589	0.265426	0.320162	0.321077	0.257990	0.264889	0.260654	0.264158	0.264824	0.259452	0.265022	0.266824	0.265111	0.265436	0.265289	0.263461	0.266554	0.260235	0.263019	0.263393	0.259886	0.263912	0.258843	0.263735	0.318681	0.263023	0.266384	0.266581	0.263574	0.259395	0.267868	0.261029	0.312533	0.265288	0.257528	0.268404	0.266099	0.259784	0.265106	0.262185	0.263386	0.267534	0.270533	0.260190	
0.269712	0.269579	0.272235	0.266242	0.273977	0.272925	0.271764	0.274403	0.271581	0.267559	0.271831	0.318948	0.293597	0.272494	0.319204	0.267875	0.265943	0.266543	0.268830	0.265970	0.322305	0.264451	0.266843	0.270649	0.266752	0.271739	0.269593	0.273320	0.267135	0.000000	0.270660	0.271553	0.268727	0.265903	0.266782	0.318087	0.273843	0.270847	0.284789	0.270752	0.274435	0.321532	0.268818	0.270292	0.319138	0.267486	0.275589	0.268866	0.269707	0.271952	0.285735	0.268133	0.268544	0.270154	0.269270	0.267084	0.266818	0.270053	0.277256	0.270808	0.267794	0.270205	0.266227	0.270628	0.267521	0.269872	0.272749	0.274449	0.319027	0.320772	0.263025	0.264722	0.267196	0.267792	0.268991	0.268653	0.266937	0.271031	0.272890	0.271055	0.265852	0.267171	0.271110	0.269403	0.263311	0.273023	0.265881	0.267227	0.270766	0.268429	0.315999	0.264735	0.270988	0.270328	0.269415	0.265129	0.273428	0.266991	0.312061	0.268449	0.270718	0.273126	0.272773	0.264707	0.265277	0.267220	0.270518	0.276595	0.275214	0.271043	
0.265262	0.270812	0.262363	0.267832	0.268482	0.275244	0.264372	0.270740	0.269435	0.268598	0.271737	0.324920	0.290102	0.269688	0.322377	0.263023	0.265540	0.268364	0.218854	0.263179	0.327452	0.264678	0.268560	0.267628	0.264968	0.276152	0.266995	0.272110	0.262299	0.270660	0.000000	0.266384	0.266240	0.270520	0.268150	0.320184	0.271096	0.270455	0.285554	0.262579	0.276988	0.323819	0.264868	0.266482	0.322284	0.262959	0.275824	0.274109	0.265585	0.261787	0.294909	0.262958	0.271751	0.272578	0.267112	0.266259	0.268246	0.269830	0.271056	0.264381	0.265231	0.264778	0.267270	0.267172	0.269608	0.265037	0.269106	0.266920	0.329082	0.327860	0.258073	0.268555	0.264959	0.267610	0.263708	0.262283	0.264336	0.266524	0.263318	0.267420	0.264991	0.266791	0.268206	0.268189	0.263265	0.268908	0.265508	0.266975	0.266619	0.262531	0.321783	0.268411	0.264585	0.265107	0.268572	0.263531	0.270698	0.265710	0.310058	0.270787	0.265077	0.273359	0.266320	0.260495	0.265726	0.268112	0.267723	0.269958	0.271966	0.266722	
0.263621	0.267537	0.265886	0.270357	0.268753	0.269039	0.264883	0.265574	0.268112	0.268978	0.274976	0.319573	0.293504	0.264901	0.317738	0.262315	0.269573	0.269940	0.262305	0.263470	0.324296	0.262593	0.269046	0.268711	0.267039	0.265144	0.267010	0.276378	0.267169	0.271553	0.266384	0.000000	0.264859	0.266768	0.263579	0.323042	0.269587	0.263265	0.277468	0.268245	0.273196	0.322424	0.267219	0.265371	0.315355	0.269254	0.276484	0.268338	0.263852	0.265434	0.283817	0.264580	0.272121	0.268924	0.266772	0.260293	0.271025	0.264093	0.269719	0.263609	0.267946	0.265878	0.267723	0.269058	0.267064	0.266096	0.267337	0.268352	0.318394	0.324230	0.264537	0.265285	0.262768	0.268125	0.270641	0.264181	0.266778	0.266710	0.266618	0.267515	0.264839	0.260728	0.271362	0.270248	0.270327	0.270652	0.266300	0.264679	0.266850	0.267319	0.321128	0.265259	0.268090	0.272241	0.266686	0.264550	0.272497	0.263297	0.313154	0.265435	0.267797	0.267297	0.267949	0.265688	0.265901	0.267547	0.268137	0.272561	0.276449	0.269006	
0.260818	0.266939	0.264489	0.269627	0.269555	0.271082	0.268446	0.270136	0.266554	0.267468	0.277278	0.321163	0.290655	0.263359	0.316938	0.257188	0.260995	0.266267	0.266433	0.261874	0.321620	0.258164	0.266583	0.266239	0.268471	0.263929	0.266143	0.276092	0.261911	0.268727	0.266240	0.264859	0.000000	0.265884	0.266047	0.317038	0.267393	0.264604	0.281524	0.264454	0.270830	0.321356	0.265939	0.265940	0.316114	0.261979	0.271757	0.267354	0.262426	0.263163	0.283881	0.263095	0.264643	0.267065	0.265886	0.264190	0.269389	0.267226	0.268663	0.266829	0.264876	0.268011	0.267609	0.264372	0.266800	0.268016	0.265267	0.270987	0.323124	0.323263	0.260431	0.264896	0.264391	0.269522	0.264371	0.263163	0.266526	0.266864	0.267847	0.262647	0.266215	0.266936	0.268054	0.268293	0.262340	0.265591	0.259746	0.263256	0.264775	0.266924	0.317981	0.267290	0.265966	0.267115	0.265184	0.262176	0.272602	0.262271	0.311294	0.265568	0.271541	0.267507	0.269127	0.259732	0.265208	0.265413	0.266740	0.266076	0.272532	0.266796	
0.268213	0.264906	0.264718	0.270322	0.268198	0.272646	0.270954	0.272503	0.264802	0.266591	0.270403	0.322682	0.293846	0.266117	0.322702	0.265905	0.264814	0.268708	0.270325	0.266664	0.327712	0.265277	0.269343	0.269416	0.265044	0.268357	0.265503	0.273002	0.265458	0.265903	0.270520	0.266768	0.265884	0.000000	0.266013	0.319527	0.266172	0.271683	0.278509	0.269172	0.274827	0.323854	0.268391	0.268436	0.320733	0.266681	0.277326	0.270348	0.266353	0.265580	0.287588	0.267764	0.268489	0.268821	0.267174	0.262739	0.273242	0.267210	0.271750	0.269033	0.265771	0.267239	0.265399	0.273504	0.268534	0.267327	0.267292	0.269518	0.324587	0.324795	0.260978	0.267986	0.268210	0.269606	0.264621	0.265523	0.268851	0.270844	0.271437	0.266590	0.262052	0.264871	0.271218	0.263415	0.266487	0.271085	0.262852	0.267505	0.268567	0.268156	0.320582	0.267137	0.269448	0.267974	0.268408	0.268320	0.274758	0.264449	0.315444	0.267492	0.266820	0.270631	0.269324	0.266173	0.269603	0.264900	0.266512	0.269201	0.272905	0.267188	
0.263009	0.264429	0.268312	0.269696	0.265646	0.267942	0.263451	0.269589	0.268434	0.263675	0.273374	0.320370	0.292047	0.264932	0.318115	0.265000	0.264714	0.270125	0.266707	0.264101	0.322647	0.264949	0.269656	0.270935	0.267804	0.267341	0.269568	0.269908	0.264636	0.266782	0.268150	0.263579	0.266047	0.266013	0.000000	0.317918	0.270976	0.266374	0.279654	0.270348	0.272381	0.322617	0.262614	0.267656	0.317485	0.269422	0.281863	0.272230	0.264076	0.265949	0.286295	0.265173	0.271190	0.266733	0.266892	0.262063	0.265813	0.263488	0.272506	0.264456	0.263498	0.267665	0.264862	0.269213	0.271532	0.268691	0.266314	0.266258	0.320951	0.321988	0.259072	0.270681	0.268054	0.265011	0.264764	0.265092	0.270186	0.268999	0.269556	0.268932	0.265990	0.265571	0.268285	0.264920	0.270370	0.271882	0.266254	0.262403	0.268597	0.268801	0.318546	0.266598	0.269766	0.263772	0.270394	0.267474	0.270383	0.263454	0.311452	0.269217	0.269243	0.272373	0.269574	0.264027	0.267344	0.265480	0.265513	0.267243	0.272793	0.266842	
0.318919	0.319763	0.322627	0.314686	0.322279	0.331785	0.319600	0.324589	0.323289	0.319091	0.317028	0.244487	0.285669	0.321991	0.249576	0.308390	0.318821	0.318935	0.322578	0.318519	0.254083	0.317924	0.324059	0.319660	0.322451	0.323994	0.319432	0.328540	0.320528	0.318087	0.320184	0.323042	0.317038	0.319527	0.317918	0.000000	0.318313	0.315759	0.315040	0.318058	0.309475	0.253012	0.316767	0.322018	0.251950	0.321339	0.311555	0.322717	0.320057	0.321429	0.318305	0.322562	0.316536	0.322697	0.324249	0.321688	0.317969	0.316328	0.320366	0.317929	0.316680	0.320055	0.319714	0.319906	0.321624	0.318308	0.319939	0.319045	0.244682	0.250868	0.309622	0.315801	0.309024	0.316090	0.314995	0.309005	0.322928	0.320533	0.320711	0.321267	0.318371	0.315672	0.319197	0.323157	0.314885	0.314652	0.324570	0.322237	0.316293	0.314183	0.249631	0.325084	0.327143	0.324649	0.310071	0.309532	0.330024	0.313018	0.266028	0.316774	0.323206	0.315547	0.313725	0.312892	0.317565	0.315588	0.320235	0.334787	0.322721	0.315881	
0.268592	0.267764	0.266148	0.272178	0.269524	0.268974	0.268669	0.275855	0.269751	0.267379	0.273384	0.321197	0.293179	0.269161	0.321397	0.264632	0.265285	0.271588	0.265821	0.267679	0.326200	0.266551	0.274731	0.272843	0.269002	0.268081	0.270158	0.275618	0.266965	0.273843	0.271096	0.269587	0.267393	0.266172	0.270976	0.318313	0.000000	0.270269	0.285156	0.272723	0.279624	0.326284	0.267295	0.270750	0.317156	0.264538	0.278904	0.268427	0.267639	0.267995	0.288209	0.266993	0.273044	0.269640	0.269840	0.265943	0.271377	0.274624	0.276917	0.266772	0.267167	0.266211	0.271492	0.271566	0.268642	0.269719	0.268971	0.270888	0.323004	0.323804	0.264964	0.267347	0.269136	0.272824	0.269513	0.263444	0.270453	0.269370	0.272961	0.268732	0.265186	0.267184	0.271346	0.265473	0.270120	0.268306	0.270475	0.266390	0.269689	0.271748	0.319806	0.269626	0.272689	0.271883	0.268443	0.269298	0.274999	0.265954	0.312575	0.272196	0.268853	0.270005	0.270633	0.265118	0.269927	0.267374	0.267292	0.273716	0.273869	0.271963	
0.270191	0.266251	0.268986	0.268827	0.267554	0.269994	0.266880	0.272991	0.263556	0.267795	0.275121	0.321118	0.293036	0.263697	0.316432	0.265615	0.263390	0.269293	0.268763	0.264725	0.320272	0.267904	0.271612	0.267576	0.265455	0.274831	0.268955	0.271660	0.264178	0.270847	0.270455	0.263265	0.264604	0.271683	0.266374	0.315759	0.270269	0.000000	0.281196	0.264498	0.277801	0.322835	0.265580	0.270330	0.318194	0.266249	0.277945	0.268386	0.267152	0.263711	0.284390	0.261699	0.271468	0.270487	0.269500	0.267740	0.266212	0.268515	0.272457	0.266102	0.266619	0.267344	0.262222	0.265302	0.272310	0.267412	0.269202	0.271703	0.320921	0.318966	0.265128	0.265119	0.267820	0.271676	0.264472	0.262544	0.270304	0.264833	0.269786	0.269281	0.266417	0.266300	0.268540	0.268771	0.269806	0.268097	0.270138	0.267524	0.271505	0.266423	0.314109	0.267730	0.270338	0.270435	0.269844	0.264797	0.272114	0.265085	0.308020	0.269738	0.268475	0.276898	0.266703	0.264260	0.265652	0.268866	0.269070	0.270922	0.273287	0.268287	
0.283941	0.279532	0.284926	0.278985	0.285466	0.286307	0.279107	0.280849	0.288673	0.280692	0.281979	0.316723	0.294229	0.277248	0.312757	0.280109	0.281130	0.281991	0.283890	0.283704	0.321114	0.275506	0.280582	0.285356	0.284254	0.283866	0.276322	0.285805	0.277822	0.284789	0.285554	0.277468	0.281524	0.278509	0.279654	0.315040	0.285156	0.281196	0.000000	0.283109	0.281142	0.317307	0.285865	0.280664	0.314552	0.282477	0.287424	0.286107	0.280389	0.279144	0.270598	0.283876	0.282371	0.281585	0.282322	0.277573	0.282986	0.280872	0.284565	0.279569	0.282518	0.277758	0.277267	0.283182	0.282972	0.282154	0.280163	0.284200	0.311138	0.314541	0.281133	0.280340	0.281715	0.280714	0.283468	0.274017	0.282720	0.280637	0.282819	0.282059	0.276899	0.283867	0.285068	0.281527	0.281481	0.285062	0.282741	0.280370	0.281349	0.278875	0.314769	0.282680	0.282875	0.277310	0.281992	0.280827	0.286619	0.276796	0.308932	0.279098	0.276924	0.279119	0.283180	0.278292	0.275355	0.282935	0.282297	0.283197	0.283159	0.276043	
0.268561	0.269370	0.264880	0.266489	0.267866	0.261385	0.262930	0.270733	0.265776	0.262941	0.266895	0.318824	0.299384	0.264531	0.321083	0.262695	0.261882	0.268143	0.266351	0.263092	0.324362	0.266792	0.267253	0.265404	0.264533	0.265016	0.267271	0.267466	0.261708	0.270752	0.262579	0.268245	0.264454	0.269172	0.270348	0.318058	0.272723	0.264498	0.283109	0.000000	0.272841	0.326619	0.264056	0.266051	0.310947	0.264892	0.275049	0.266142	0.261020	0.263466	0.280325	0.264569	0.266044	0.264296	0.264617	0.260943	0.268297	0.266714	0.265579	0.262204	0.262440	0.267038	0.264449	0.267632	0.267446	0.268164	0.263799	0.265135	0.318611	0.323012	0.260677	0.267680	0.259725	0.264728	0.264228	0.262657	0.268536	0.265538	0.267913	0.263766	0.262208	0.263477	0.266559	0.263224	0.261483	0.265754	0.260788	0.262798	0.261599	0.263423	0.318288	0.264416	0.270539	0.264416	0.271436	0.261848	0.262609	0.259049	0.312029	0.269177	0.260267	0.268654	0.263492	0.262516	0.266926	0.266027	0.264804	0.264873	0.274213	0.263709	
