0.000000	0.294569	0.302888	0.287078	0.301936	0.278681	0.310884	0.287099	0.317812	0.303187	0.306737	0.231912	0.208960	0.304822	0.295263	0.290106	0.286114	0.290411	0.214784	0.290724	0.219958	0.301642	0.290484	0.223505	0.307600	0.290508	0.294303	0.314645	0.214644	0.305063	0.291652	0.238590	0.302936	0.212141	0.296296	0.212435	0.302363	0.308574	0.300310	0.316040	0.314027	0.304532	0.298240	0.288993	0.305533	0.290869	0.299868	0.295809	0.218396	0.217570	0.218197	0.302239	0.311606	0.302966	0.215477	0.237335	0.294576	0.306944	0.207898	0.212156	0.208887	0.241109	0.306601	0.216880	0.223048	0.224048	0.224821	0.303114	0.236917	0.305342	0.246332	0.246775	0.240825	0.218607	0.209887	0.299640	0.297013	0.302126	0.248229	0.213129	0.237277	0.249843	0.249691	0.249620	0.218589	0.312874	0.311032	0.305852	0.284487	0.310706	0.289708	0.314857	0.303925	0.290078	0.307378	0.316010	0.309273	0.291795	0.316216	0.312237	0.310094	0.309317	0.312865	0.308052	0.304630	0.312388	0.306413	0.296898	0.309269	0.292184	0.315568	0.309212	0.297684	0.316191	0.296140	0.295127	0.307132	0.298676	0.300829	0.300244	0.289139	0.295937	0.315286	0.299724	0.294156	0.304676	0.297817	0.303089	0.297084	0.308789	0.290598	0.294728	0.302788	0.303304	0.282771	0.291372	0.309616	0.296914	0.307730	0.296819	0.297645	0.299535	0.321415	0.300016	0.288774	0.299144	0.297157	0.305624	0.320152	0.305852	0.300017	0.304362	0.308455	0.305515	0.297581	0.310850	0.310437	0.308401	0.291525	0.298365	0.314433	0.313476	0.302772	0.293385	0.302498	0.288291	0.309246	0.212531	0.291344	0.292447	0.213972	0.218417	0.304934	0.302083	0.292030	0.306245	0.286456	0.306763	0.303064	0.296714	0.299439	0.224466	0.298587	0.305757	0.237192	0.291115	0.307333	0.293385	0.296956	0.293862	0.213570	0.315157	0.248101	0.308177	0.291754	0.214682	0.292184	0.235170	0.298132	0.237971	0.310773	0.295780	0.299705	0.214761	0.297883	0.310173	0.217523	0.215493	0.295963	0.238699	0.298279	0.299127	0.221463	0.298747	0.301954	0.240391	0.297337	
0.294569	0.000000	0.267364	0.255341	0.267958	0.244327	0.254275	0.288034	0.259170	0.262667	0.254783	0.301777	0.297422	0.261859	0.247027	0.262996	0.245211	0.237356	0.300192	0.246445	0.302805	0.253688	0.237924	0.296055	0.257443	0.257039	0.260081	0.266439	0.302049	0.247632	0.250514	0.298602	0.248855	0.302563	0.246317	0.310444	0.263268	0.266717	0.244367	0.257445	0.262728	0.264756	0.263991	0.251375	0.265966	0.255550	0.245039	0.243426	0.305656	0.305167	0.308959	0.262321	0.268605	0.261726	0.302486	0.284247	0.249001	0.262507	0.295494	0.296731	0.297674	0.289958	0.260720	0.303169	0.296374	0.296389	0.284305	0.264672	0.306086	0.266948	0.298480	0.297965	0.299730	0.298853	0.295785	0.260385	0.257511	0.259289	0.294571	0.303073	0.291625	0.296848	0.303791	0.308638	0.305709	0.272364	0.266667	0.258709	0.246142	0.266427	0.250379	0.264522	0.263429	0.248957	0.262320	0.255505	0.265298	0.246479	0.264190	0.271016	0.264280	0.269420	0.258120	0.260011	0.266260	0.255689	0.252799	0.247022	0.261990	0.249121	0.257446	0.258850	0.248298	0.270281	0.257437	0.248149	0.256225	0.264309	0.260462	0.253405	0.243093	0.239837	0.267935	0.250190	0.243856	0.242012	0.256312	0.258779	0.265520	0.267100	0.249372	0.252146	0.258492	0.256808	0.246083	0.248012	0.263457	0.248233	0.262839	0.241939	0.260004	0.253872	0.270779	0.244015	0.239696	0.242504	0.250858	0.251144	0.273340	0.261348	0.248980	0.257219	0.258354	0.267699	0.249510	0.254343	0.259679	0.260266	0.243480	0.254089	0.271056	0.257716	0.258205	0.244766	0.256079	0.245604	0.255859	0.298485	0.252370	0.249263	0.306823	0.299924	0.256361	0.254098	0.247931	0.264108	0.262357	0.250285	0.272356	0.251230	0.254802	0.297885	0.251946	0.273203	0.281902	0.237227	0.256266	0.253346	0.248479	0.248722	0.293573	0.261837	0.276562	0.263830	0.244027	0.296132	0.254456	0.289418	0.257350	0.296381	0.263873	0.242284	0.254263	0.300805	0.252643	0.260882	0.305410	0.307219	0.242161	0.281289	0.246925	0.257726	0.302684	0.249680	0.269444	0.298931	0.246166	
0.302888	0.267364	0.000000	0.265446	0.241444	0.268855	0.236225	0.269002	0.235434	0.230758	0.249738	0.307429	0.312143	0.235465	0.252911	0.263019	0.264931	0.260676	0.319251	0.267731	0.312265	0.233151	0.250898	0.309555	0.241109	0.255266	0.266273	0.242794	0.313711	0.255670	0.244943	0.301779	0.241501	0.308845	0.264292	0.312482	0.259340	0.237931	0.258299	0.235120	0.241563	0.238591	0.264849	0.260181	0.254292	0.259120	0.262028	0.262159	0.306181	0.315579	0.316377	0.257160	0.242363	0.251788	0.310220	0.290133	0.260242	0.254152	0.299250	0.308881	0.308465	0.295359	0.245723	0.305143	0.317267	0.314116	0.293526	0.253021	0.312437	0.250654	0.304340	0.302845	0.299533	0.302948	0.309820	0.262589	0.259688	0.259254	0.307541	0.308877	0.302984	0.301967	0.308308	0.302051	0.314515	0.244387	0.241970	0.237753	0.254942	0.238245	0.257414	0.241513	0.239406	0.260632	0.234643	0.243332	0.244355	0.258041	0.241970	0.237466	0.233050	0.236684	0.240901	0.237548	0.238645	0.237834	0.242142	0.262312	0.243764	0.263629	0.232548	0.233338	0.258129	0.243973	0.245518	0.259744	0.227312	0.234314	0.235430	0.252360	0.258411	0.262020	0.238198	0.235353	0.255522	0.245458	0.257023	0.265221	0.255683	0.245213	0.254121	0.260361	0.232918	0.245524	0.253395	0.260284	0.236385	0.261538	0.231531	0.261052	0.261625	0.259740	0.250661	0.260119	0.259051	0.251326	0.259099	0.265766	0.242678	0.240215	0.263978	0.236911	0.237572	0.237448	0.257295	0.234914	0.262389	0.234094	0.261070	0.262385	0.241599	0.235648	0.235572	0.254069	0.250108	0.256602	0.236024	0.311618	0.261377	0.260999	0.311043	0.311580	0.233037	0.262312	0.261434	0.241449	0.264540	0.233567	0.269511	0.267796	0.245609	0.303053	0.238730	0.241425	0.300408	0.259712	0.238757	0.262657	0.242756	0.260146	0.307034	0.239698	0.289759	0.245364	0.260382	0.307222	0.253048	0.300333	0.263067	0.304532	0.231947	0.264691	0.264195	0.314818	0.241624	0.241671	0.321769	0.313972	0.262856	0.290412	0.260621	0.267989	0.316563	0.258236	0.246831	0.300756	0.261082	
0.287078	0.255341	0.265446	0.000000	0.257810	0.221632	0.272079	0.278422	0.264392	0.264059	0.251325	0.290289	0.300634	0.255699	0.254243	0.220754	0.251571	0.247215	0.296367	0.267717	0.297919	0.258664	0.262015	0.299890	0.260461	0.217550	0.256708	0.266667	0.291712	0.269033	0.251611	0.280958	0.268320	0.299750	0.263444	0.294942	0.272257	0.259843	0.232381	0.249793	0.255568	0.259665	0.229790	0.251834	0.258649	0.253575	0.256642	0.271640	0.300846	0.299579	0.299065	0.247641	0.254038	0.244684	0.294745	0.282825	0.252462	0.256104	0.286551	0.294685	0.291492	0.282023	0.257923	0.293851	0.298337	0.295298	0.276994	0.248147	0.314240	0.248834	0.285761	0.296066	0.282258	0.294540	0.290137	0.220554	0.217417	0.228777	0.280545	0.290072	0.282074	0.288171	0.287002	0.289116	0.297632	0.266775	0.266866	0.258012	0.257501	0.260846	0.254003	0.262859	0.265356	0.247347	0.274003	0.263444	0.263201	0.248297	0.268832	0.262929	0.265306	0.256230	0.267142	0.259088	0.269430	0.266100	0.261070	0.264895	0.265356	0.251035	0.273073	0.267138	0.248100	0.258056	0.263345	0.262228	0.251971	0.252783	0.259269	0.268636	0.251512	0.262895	0.271460	0.253203	0.262080	0.259269	0.212146	0.218597	0.264773	0.265558	0.258654	0.253808	0.262349	0.248440	0.255967	0.257670	0.264530	0.252537	0.251153	0.257800	0.226659	0.258083	0.280000	0.253088	0.249179	0.262471	0.268861	0.261671	0.275379	0.270425	0.261467	0.254993	0.263820	0.249864	0.265479	0.254067	0.266923	0.257337	0.244826	0.263502	0.272320	0.266558	0.270998	0.254214	0.256856	0.261305	0.266241	0.287284	0.258537	0.260466	0.295840	0.298011	0.265461	0.264798	0.259424	0.259613	0.236971	0.272642	0.279274	0.261034	0.262277	0.285399	0.255909	0.281753	0.299300	0.252311	0.257551	0.242450	0.268207	0.254343	0.296276	0.251919	0.272180	0.255724	0.256918	0.291953	0.259098	0.280142	0.227779	0.293460	0.268226	0.255154	0.264327	0.310003	0.262116	0.262016	0.292536	0.292063	0.261576	0.276701	0.257908	0.266667	0.295970	0.264968	0.276449	0.292359	0.272143	
0.301936	0.267958	0.241444	0.257810	0.000000	0.260225	0.248841	0.269741	0.242440	0.239117	0.236704	0.299246	0.307209	0.243566	0.262405	0.270534	0.263839	0.258666	0.317376	0.259052	0.312353	0.233317	0.261187	0.309162	0.242841	0.257452	0.260274	0.241476	0.310027	0.258639	0.251216	0.299621	0.246441	0.309149	0.263943	0.314124	0.253986	0.242749	0.266889	0.239439	0.240211	0.238952	0.263728	0.256717	0.256237	0.261754	0.262949	0.266633	0.307332	0.316549	0.309516	0.254726	0.250940	0.250591	0.306923	0.302491	0.260302	0.258150	0.304480	0.313503	0.307975	0.291241	0.250627	0.308354	0.308918	0.306895	0.299920	0.250983	0.312068	0.251926	0.304058	0.293512	0.300657	0.301502	0.303817	0.268586	0.262930	0.270501	0.305152	0.310299	0.291448	0.307892	0.297037	0.299855	0.314708	0.243701	0.245914	0.240603	0.256267	0.236826	0.251943	0.241481	0.238904	0.258500	0.245232	0.246194	0.240168	0.254245	0.240504	0.233851	0.232121	0.242068	0.246526	0.243868	0.244427	0.241449	0.238176	0.253910	0.234330	0.262437	0.242076	0.241084	0.263704	0.246723	0.245589	0.261538	0.232323	0.229730	0.233624	0.252590	0.258029	0.258610	0.242604	0.233235	0.260374	0.251623	0.259230	0.256875	0.259235	0.239611	0.256317	0.261445	0.240926	0.251045	0.261474	0.257740	0.239590	0.256791	0.239056	0.262090	0.264791	0.262965	0.247143	0.258545	0.252299	0.258974	0.255273	0.261861	0.253175	0.252737	0.261574	0.235506	0.242859	0.242265	0.260654	0.241385	0.262680	0.243327	0.256862	0.267601	0.245458	0.242603	0.243645	0.258310	0.244651	0.256422	0.239861	0.308238	0.257658	0.257212	0.303855	0.312061	0.236557	0.256401	0.261194	0.241229	0.268506	0.240241	0.259019	0.255738	0.240247	0.299473	0.238567	0.245860	0.299302	0.259869	0.237814	0.261897	0.246271	0.268312	0.306087	0.240326	0.289608	0.243350	0.267649	0.310134	0.258024	0.294457	0.265491	0.300596	0.246655	0.260606	0.267593	0.308854	0.234812	0.246215	0.318049	0.310758	0.260930	0.295318	0.256073	0.262441	0.303988	0.249300	0.253537	0.300144	0.262027	
0.278681	0.244327	0.268855	0.221632	0.260225	0.000000	0.262215	0.239714	0.256277	0.265261	0.271555	0.280674	0.287619	0.270510	0.261198	0.221878	0.250773	0.245837	0.299206	0.246593	0.294196	0.273130	0.257556	0.294403	0.264519	0.231427	0.252381	0.262533	0.293883	0.253509	0.243998	0.296840	0.262389	0.288082	0.260184	0.296854	0.261214	0.271045	0.226971	0.259775	0.259929	0.259832	0.237483	0.257168	0.249225	0.251663	0.234748	0.251707	0.301146	0.296910	0.294587	0.249427	0.253304	0.245418	0.290621	0.289474	0.252548	0.259666	0.285714	0.300622	0.286035	0.268531	0.247450	0.301955	0.296035	0.303904	0.286526	0.247661	0.303279	0.240889	0.300633	0.296245	0.289048	0.288096	0.296427	0.226107	0.219708	0.231198	0.273666	0.305336	0.277154	0.300900	0.278979	0.289796	0.300813	0.265873	0.257837	0.264060	0.249890	0.253503	0.240088	0.258304	0.271887	0.251656	0.254998	0.260965	0.266079	0.248127	0.264459	0.272049	0.262648	0.271529	0.264745	0.268604	0.264745	0.266962	0.260334	0.246594	0.281738	0.245498	0.264938	0.258803	0.264192	0.267108	0.262787	0.257030	0.252201	0.257809	0.264018	0.271307	0.255319	0.254260	0.262577	0.256264	0.257055	0.254378	0.222616	0.225022	0.263591	0.270431	0.256158	0.250110	0.255546	0.249562	0.244356	0.252292	0.271529	0.246812	0.268637	0.254521	0.227273	0.251929	0.271899	0.259539	0.241410	0.257765	0.274379	0.249640	0.261916	0.270677	0.256769	0.260697	0.269044	0.252296	0.272810	0.271134	0.247938	0.255497	0.248458	0.257369	0.281379	0.261498	0.260622	0.260774	0.264226	0.261498	0.265060	0.282599	0.238806	0.255445	0.297488	0.300527	0.263714	0.244251	0.245560	0.249007	0.231547	0.262792	0.250909	0.252079	0.258952	0.281528	0.263675	0.273217	0.293434	0.250769	0.258582	0.239729	0.257256	0.261424	0.284510	0.260426	0.283142	0.268822	0.255804	0.286976	0.255022	0.279613	0.228395	0.302857	0.270306	0.237892	0.251983	0.297910	0.268918	0.268974	0.289220	0.305389	0.262445	0.272556	0.253836	0.246512	0.292650	0.253452	0.270411	0.291219	0.268919	
0.310884	0.254275	0.236225	0.272079	0.248841	0.262215	0.000000	0.269094	0.249946	0.235282	0.231138	0.303793	0.306011	0.249044	0.245407	0.269774	0.255469	0.256272	0.306597	0.253084	0.313804	0.237594	0.253728	0.308079	0.246538	0.265618	0.261905	0.243286	0.312563	0.258007	0.253887	0.299355	0.238506	0.305556	0.262458	0.315440	0.255188	0.236172	0.267108	0.241296	0.246022	0.244653	0.267522	0.258507	0.243422	0.256469	0.260607	0.257023	0.307184	0.307048	0.310268	0.258542	0.253671	0.250858	0.311834	0.292780	0.261079	0.256851	0.301829	0.310588	0.301829	0.292487	0.246683	0.303461	0.312525	0.313105	0.297376	0.253325	0.310572	0.256048	0.302459	0.302378	0.296216	0.310221	0.301002	0.277083	0.272532	0.273807	0.307212	0.310330	0.288851	0.306165	0.296589	0.302326	0.307629	0.255493	0.255047	0.230570	0.256497	0.241557	0.259629	0.247519	0.243011	0.256420	0.245124	0.236675	0.244520	0.255698	0.244228	0.245328	0.236816	0.240579	0.242479	0.227607	0.246904	0.243569	0.232161	0.258797	0.243183	0.271943	0.233101	0.238152	0.261862	0.237085	0.246946	0.258786	0.237886	0.237261	0.237037	0.255250	0.255903	0.259365	0.236858	0.241977	0.252848	0.252876	0.269161	0.266961	0.263693	0.245381	0.259553	0.260887	0.251812	0.253378	0.259215	0.259694	0.238275	0.258770	0.239316	0.250953	0.270242	0.264905	0.254045	0.261579	0.252445	0.258160	0.259675	0.273739	0.246637	0.252488	0.263405	0.228520	0.235200	0.239437	0.267408	0.240358	0.276746	0.244329	0.260756	0.260460	0.245759	0.240969	0.240167	0.260348	0.245429	0.262435	0.247205	0.305460	0.262959	0.265045	0.304689	0.307831	0.233287	0.260321	0.257570	0.243636	0.266773	0.230751	0.273698	0.260317	0.254941	0.307865	0.232173	0.244968	0.293586	0.252489	0.235864	0.260536	0.247052	0.265063	0.301051	0.235754	0.295888	0.240598	0.259451	0.303902	0.251990	0.298481	0.267843	0.299258	0.248799	0.260119	0.264259	0.315046	0.239512	0.238293	0.303386	0.308185	0.251389	0.290041	0.261999	0.266010	0.312630	0.257384	0.266586	0.295242	0.252548	
0.287099	0.288034	0.269002	0.278422	0.269741	0.239714	0.269094	0.000000	0.272404	0.277228	0.305656	0.285521	0.301471	0.255474	0.261254	0.268082	0.265781	0.272248	0.296543	0.267717	0.287708	0.264883	0.287025	0.305298	0.260839	0.269365	0.272999	0.272907	0.303289	0.267541	0.283489	0.275564	0.280080	0.283044	0.283093	0.277704	0.284398	0.258700	0.266913	0.284373	0.282538	0.266533	0.272849	0.279024	0.285337	0.290708	0.267690	0.275813	0.300525	0.290934	0.307385	0.288904	0.272425	0.272788	0.296370	0.272023	0.294118	0.281950	0.285811	0.307795	0.297901	0.283156	0.276553	0.287108	0.284488	0.308256	0.286934	0.271819	0.311969	0.278515	0.298300	0.281229	0.298084	0.295330	0.266887	0.276078	0.272474	0.275694	0.301627	0.294730	0.276006	0.310800	0.277958	0.288690	0.304524	0.285337	0.281374	0.267016	0.279470	0.276066	0.274639	0.267892	0.274471	0.283739	0.269588	0.289836	0.277997	0.276090	0.295395	0.264436	0.269611	0.270235	0.257596	0.286091	0.271040	0.264725	0.270199	0.256548	0.272202	0.278526	0.262640	0.272069	0.296926	0.268116	0.271410	0.280921	0.257068	0.272131	0.277594	0.270270	0.287899	0.283901	0.285339	0.260526	0.288079	0.267974	0.260698	0.265132	0.290236	0.267647	0.268846	0.280981	0.259064	0.270765	0.281477	0.271419	0.264126	0.280975	0.269332	0.286658	0.260899	0.269618	0.277273	0.299003	0.259381	0.283345	0.262295	0.281161	0.290998	0.292946	0.281206	0.273148	0.285620	0.272668	0.274194	0.263880	0.275994	0.269560	0.263469	0.278250	0.280728	0.279085	0.290492	0.272011	0.281085	0.287019	0.282377	0.289404	0.273026	0.274129	0.300132	0.275049	0.255814	0.251891	0.279039	0.274885	0.255263	0.280419	0.286140	0.276247	0.276943	0.289100	0.264685	0.285903	0.279469	0.272489	0.269595	0.273907	0.262187	0.276498	0.282377	0.287311	0.281159	0.272363	0.284964	0.285239	0.265789	0.270929	0.268164	0.305851	0.265252	0.298564	0.271480	0.303453	0.259727	0.259958	0.297297	0.292549	0.258969	0.259912	0.264188	0.276414	0.283253	0.259829	0.297360	0.288422	0.278755	
0.317812	0.259170	0.235434	0.264392	0.242440	0.256277	0.249946	0.272404	0.000000	0.245182	0.242391	0.311104	0.319019	0.241368	0.264683	0.265382	0.262724	0.263324	0.315311	0.265064	0.317503	0.242492	0.263573	0.311632	0.249079	0.256137	0.267815	0.244287	0.322026	0.254735	0.248075	0.307004	0.241490	0.314034	0.269916	0.319152	0.249800	0.248028	0.265312	0.242912	0.241576	0.244277	0.272068	0.268216	0.252392	0.272021	0.260369	0.259904	0.309157	0.316363	0.322318	0.256376	0.241692	0.247032	0.310350	0.301868	0.258839	0.256553	0.308360	0.316827	0.316580	0.301968	0.253308	0.318128	0.319491	0.321023	0.306795	0.252038	0.323142	0.248241	0.321058	0.304818	0.304192	0.316988	0.310312	0.262224	0.261679	0.261709	0.306320	0.319484	0.300117	0.317108	0.314481	0.304637	0.325824	0.250712	0.243431	0.241477	0.260498	0.247992	0.257048	0.244998	0.246593	0.260753	0.239879	0.239943	0.250514	0.262116	0.234177	0.245140	0.234261	0.247090	0.242025	0.235489	0.244251	0.240947	0.242506	0.264035	0.246354	0.272278	0.240006	0.244656	0.262636	0.242828	0.252690	0.264957	0.232701	0.243602	0.241330	0.260960	0.254861	0.264451	0.245173	0.235173	0.264136	0.259318	0.265732	0.261609	0.259483	0.242720	0.269484	0.271372	0.243984	0.250708	0.261001	0.268127	0.246020	0.268849	0.232602	0.272409	0.270704	0.267532	0.258502	0.266294	0.257578	0.268403	0.272900	0.273412	0.252269	0.252666	0.270320	0.241784	0.243612	0.240956	0.266906	0.239836	0.279174	0.241668	0.265005	0.263408	0.250186	0.240951	0.241808	0.265939	0.249882	0.266140	0.245386	0.313660	0.258591	0.262212	0.316917	0.317077	0.239245	0.259413	0.265095	0.243980	0.268401	0.239395	0.258312	0.269771	0.254275	0.306189	0.242616	0.251125	0.297277	0.267837	0.242419	0.270926	0.251978	0.264071	0.316718	0.235425	0.292480	0.242918	0.275083	0.317483	0.268782	0.296231	0.259412	0.313120	0.241479	0.262986	0.268306	0.318878	0.232950	0.258882	0.320151	0.314111	0.261841	0.304312	0.263067	0.266702	0.311697	0.273265	0.269409	0.309020	0.266204	
0.303187	0.262667	0.230758	0.264059	0.239117	0.265261	0.235282	0.277228	0.245182	0.000000	0.246202	0.301216	0.309783	0.241140	0.254526	0.260806	0.257649	0.258825	0.309534	0.258152	0.304273	0.237801	0.256645	0.303739	0.244629	0.257893	0.264256	0.241797	0.304980	0.248178	0.252148	0.293494	0.236539	0.298669	0.261765	0.310455	0.259549	0.240685	0.252116	0.236796	0.233777	0.237400	0.259357	0.258337	0.248843	0.267994	0.253791	0.260347	0.301106	0.310793	0.309225	0.252725	0.248271	0.252682	0.300936	0.283848	0.261185	0.252332	0.297891	0.306265	0.299985	0.289580	0.242368	0.296668	0.302834	0.306981	0.296949	0.242433	0.307461	0.247830	0.304451	0.297497	0.289188	0.300946	0.300778	0.261948	0.263360	0.262218	0.302676	0.304335	0.288467	0.298725	0.300938	0.297118	0.303165	0.239273	0.242411	0.227812	0.251826	0.237675	0.253362	0.235990	0.230924	0.254966	0.234843	0.241832	0.235942	0.256124	0.231992	0.234052	0.239891	0.231416	0.233951	0.228323	0.239701	0.229996	0.231055	0.256042	0.235442	0.260629	0.239435	0.237298	0.254525	0.232225	0.248273	0.259980	0.234100	0.234091	0.231378	0.247402	0.253785	0.258140	0.235142	0.232408	0.253731	0.239687	0.254970	0.255396	0.252733	0.234956	0.260989	0.259865	0.233314	0.248575	0.261806	0.261093	0.234185	0.255585	0.226961	0.261481	0.254282	0.260188	0.237751	0.255411	0.259748	0.257530	0.261669	0.261622	0.241745	0.242939	0.258731	0.226201	0.229819	0.236206	0.261049	0.225396	0.266533	0.238401	0.257278	0.253081	0.242030	0.230813	0.230901	0.257016	0.246538	0.258884	0.240609	0.303473	0.256480	0.253952	0.305173	0.307339	0.233610	0.259228	0.257298	0.238506	0.263921	0.228103	0.253643	0.265839	0.245318	0.299225	0.234120	0.243498	0.295326	0.251288	0.234312	0.258501	0.250287	0.258134	0.305030	0.230536	0.274721	0.237976	0.261031	0.303579	0.261416	0.298008	0.266083	0.302157	0.232088	0.262072	0.262794	0.307158	0.238328	0.239104	0.303276	0.303257	0.256447	0.286939	0.258179	0.268540	0.301881	0.257467	0.264356	0.296887	0.257497	
0.306737	0.254783	0.249738	0.251325	0.236704	0.271555	0.231138	0.305656	0.242391	0.246202	0.000000	0.299629	0.306190	0.247053	0.260525	0.261974	0.254277	0.253059	0.311035	0.252549	0.319569	0.237154	0.251499	0.313158	0.234426	0.259563	0.264451	0.250976	0.318554	0.252349	0.246537	0.305152	0.237572	0.305026	0.253906	0.316913	0.252626	0.243794	0.264151	0.217437	0.214883	0.247709	0.265073	0.250326	0.244720	0.262640	0.261478	0.248085	0.307531	0.322279	0.311276	0.242530	0.242552	0.243107	0.313555	0.293460	0.253595	0.261861	0.298802	0.307733	0.303248	0.293418	0.249272	0.321361	0.319233	0.319357	0.309444	0.243065	0.310955	0.252245	0.314786	0.302660	0.312234	0.315586	0.307591	0.263523	0.269060	0.270128	0.315228	0.315486	0.305257	0.316306	0.302248	0.300402	0.319005	0.244903	0.238806	0.232516	0.252366	0.241415	0.253396	0.237376	0.232077	0.257322	0.230749	0.241388	0.233063	0.253351	0.243660	0.235817	0.229226	0.246750	0.242392	0.243858	0.251180	0.239916	0.231975	0.253430	0.246540	0.254257	0.239551	0.245037	0.269940	0.240882	0.252160	0.260801	0.240407	0.235217	0.236187	0.247028	0.254545	0.254066	0.244967	0.241614	0.250526	0.244029	0.256444	0.254598	0.260634	0.254062	0.254318	0.256082	0.242951	0.252667	0.255140	0.253774	0.233081	0.262091	0.236093	0.258625	0.265912	0.254860	0.240889	0.260697	0.258598	0.256794	0.252701	0.259796	0.254693	0.251868	0.258092	0.237043	0.241732	0.243229	0.263371	0.238604	0.278223	0.239613	0.254727	0.262507	0.246902	0.240582	0.239074	0.258987	0.254626	0.259201	0.237956	0.311506	0.258824	0.251892	0.316623	0.324140	0.229922	0.255648	0.253235	0.232176	0.260436	0.236602	0.260128	0.263871	0.233247	0.307013	0.235342	0.252386	0.297516	0.248431	0.240148	0.252427	0.244893	0.252868	0.315580	0.243851	0.306523	0.243851	0.270828	0.307998	0.258950	0.298163	0.254545	0.304884	0.235217	0.256032	0.265001	0.318734	0.240858	0.243743	0.315004	0.319354	0.252278	0.288643	0.261458	0.269602	0.311749	0.251683	0.260546	0.302139	0.264526	
0.231912	0.301777	0.307429	0.290289	0.299246	0.280674	0.303793	0.285521	0.311104	0.301216	0.299629	0.000000	0.240182	0.308221	0.295918	0.308149	0.291484	0.291409	0.238258	0.297931	0.240012	0.296679	0.306122	0.254126	0.301370	0.292153	0.299795	0.324149	0.242830	0.290413	0.301125	0.248526	0.295184	0.250156	0.303621	0.240833	0.309272	0.295011	0.291334	0.305816	0.306477	0.304741	0.290869	0.297030	0.303644	0.303593	0.291706	0.302326	0.241240	0.237885	0.236137	0.306662	0.300998	0.297136	0.236482	0.236723	0.282027	0.306021	0.241466	0.245224	0.244564	0.242292	0.303616	0.244089	0.245902	0.240100	0.234694	0.304675	0.230111	0.301374	0.250183	0.250160	0.230922	0.239793	0.235861	0.293503	0.294098	0.296563	0.263631	0.249513	0.226287	0.251084	0.240078	0.254682	0.232536	0.313335	0.303738	0.293039	0.295880	0.303998	0.287438	0.309215	0.303248	0.289981	0.309688	0.305022	0.305875	0.285093	0.312267	0.316428	0.304942	0.305599	0.317500	0.312851	0.298972	0.313866	0.303566	0.284348	0.304775	0.299236	0.301242	0.304605	0.292901	0.305495	0.292208	0.287978	0.305945	0.298050	0.304700	0.283792	0.293492	0.301106	0.311394	0.294026	0.295823	0.302132	0.288167	0.294301	0.312520	0.308414	0.296880	0.304307	0.303925	0.311344	0.287723	0.294482	0.305650	0.291321	0.298975	0.294063	0.300000	0.299015	0.316807	0.297693	0.294118	0.309938	0.299132	0.303356	0.315894	0.306785	0.283206	0.295823	0.302709	0.303891	0.298403	0.300464	0.298884	0.318224	0.296389	0.303782	0.321104	0.307859	0.297398	0.289261	0.300992	0.295370	0.307984	0.241895	0.295285	0.288633	0.248214	0.237430	0.300173	0.289349	0.286742	0.306977	0.305158	0.306469	0.323988	0.298457	0.292000	0.237959	0.299677	0.305556	0.232358	0.295046	0.304005	0.288768	0.299474	0.306407	0.249922	0.318592	0.241811	0.303116	0.298822	0.248595	0.297682	0.234438	0.303928	0.245958	0.304783	0.294452	0.299242	0.251480	0.291738	0.308394	0.232534	0.236234	0.300740	0.226566	0.298181	0.301758	0.240717	0.301054	0.295707	0.249763	0.298840	
0.208960	0.297422	0.312143	0.300634	0.307209	0.287619	0.306011	0.301471	0.319019	0.309783	0.306190	0.240182	0.000000	0.303607	0.292428	0.291193	0.289369	0.285552	0.219899	0.295562	0.218664	0.304671	0.296981	0.224453	0.307308	0.289150	0.297900	0.318610	0.217831	0.301232	0.298586	0.241244	0.302737	0.219796	0.298590	0.216838	0.307365	0.304256	0.291358	0.311940	0.307705	0.311699	0.298225	0.294978	0.308425	0.304851	0.292869	0.300104	0.216818	0.225357	0.223366	0.311489	0.307629	0.306955	0.221968	0.230955	0.301229	0.304554	0.210526	0.218494	0.216270	0.230958	0.304084	0.218107	0.218312	0.221387	0.237832	0.304591	0.242827	0.304004	0.249369	0.254793	0.245077	0.218771	0.220463	0.305623	0.297513	0.303454	0.243656	0.225248	0.234809	0.258732	0.255376	0.249619	0.224476	0.315068	0.308910	0.304489	0.293801	0.314193	0.295170	0.303271	0.304185	0.289872	0.308729	0.318610	0.308742	0.294540	0.321330	0.315498	0.303513	0.307555	0.312081	0.316336	0.313418	0.305919	0.303627	0.290269	0.316261	0.296472	0.311707	0.313988	0.298607	0.307868	0.311593	0.296718	0.301611	0.304044	0.306937	0.306947	0.296327	0.302187	0.315292	0.301417	0.293022	0.303173	0.294945	0.300392	0.309584	0.315944	0.303651	0.305959	0.312192	0.308814	0.295280	0.297227	0.308991	0.293673	0.302661	0.295752	0.296738	0.306071	0.320417	0.293818	0.294415	0.302890	0.294444	0.310448	0.323453	0.312663	0.304461	0.310565	0.315445	0.307991	0.298001	0.316796	0.306677	0.308843	0.294540	0.298126	0.326679	0.308590	0.305096	0.296290	0.301201	0.297065	0.316364	0.215128	0.285204	0.292290	0.221950	0.219730	0.305317	0.298350	0.292796	0.316357	0.291999	0.302489	0.305066	0.295606	0.293985	0.227799	0.299218	0.313586	0.240454	0.295791	0.310843	0.297439	0.299707	0.303207	0.212611	0.309656	0.254585	0.308564	0.300341	0.223042	0.295900	0.237722	0.293041	0.234349	0.311173	0.293434	0.293867	0.220769	0.294999	0.299058	0.218109	0.216809	0.299158	0.247582	0.292422	0.307796	0.220412	0.303902	0.307023	0.235020	0.292659	
0.304822	0.261859	0.235465	0.255699	0.243566	0.270510	0.249044	0.255474	0.241368	0.241140	0.247053	0.308221	0.303607	0.000000	0.256485	0.267570	0.252731	0.254440	0.312145	0.263424	0.314597	0.232034	0.253424	0.308365	0.238891	0.264172	0.261445	0.242865	0.306965	0.251838	0.253345	0.303799	0.238473	0.301564	0.260970	0.315628	0.254487	0.244630	0.266862	0.242118	0.242017	0.241486	0.260876	0.256899	0.250621	0.269679	0.265597	0.261815	0.314866	0.312379	0.313886	0.256569	0.252145	0.258202	0.303779	0.296739	0.258353	0.258846	0.303147	0.311915	0.308662	0.297763	0.257230	0.308052	0.310220	0.314799	0.298664	0.255359	0.314824	0.245553	0.305723	0.310546	0.300062	0.305791	0.307950	0.267399	0.264592	0.266096	0.311688	0.310825	0.299193	0.311856	0.307566	0.316096	0.311698	0.240347	0.240885	0.236728	0.254556	0.235565	0.254230	0.246585	0.239543	0.255270	0.237442	0.242787	0.245272	0.253690	0.242275	0.243653	0.238267	0.238636	0.235926	0.241280	0.238268	0.236949	0.241096	0.263384	0.237462	0.269696	0.241131	0.240353	0.257266	0.240197	0.246040	0.249098	0.237002	0.232964	0.233860	0.253638	0.255022	0.253629	0.245949	0.240451	0.260371	0.249641	0.259959	0.260270	0.250335	0.244760	0.265408	0.257391	0.242437	0.254676	0.260232	0.258631	0.242616	0.256262	0.230625	0.260070	0.263378	0.263329	0.241580	0.263265	0.253223	0.258893	0.259168	0.262674	0.243264	0.251983	0.258391	0.234679	0.241294	0.244330	0.265012	0.234717	0.266273	0.246723	0.262746	0.268102	0.242787	0.239027	0.236141	0.256358	0.244454	0.255690	0.241874	0.311624	0.261712	0.256483	0.314788	0.314820	0.230481	0.259018	0.260625	0.245146	0.268222	0.234094	0.262278	0.264545	0.248064	0.307310	0.231822	0.251318	0.293402	0.260907	0.242064	0.259748	0.246710	0.256192	0.309252	0.236083	0.285162	0.244971	0.266657	0.313195	0.253925	0.295994	0.261967	0.304926	0.240844	0.257138	0.262292	0.312199	0.236350	0.244622	0.314802	0.313671	0.262288	0.295864	0.257221	0.269221	0.308579	0.257426	0.257603	0.305262	0.256437	
0.295263	0.247027	0.252911	0.254243	0.262405	0.261198	0.245407	0.261254	0.264683	0.254526	0.260525	0.295918	0.292428	0.256485	0.000000	0.251788	0.231736	0.235909	0.298121	0.240881	0.287611	0.254884	0.246121	0.279439	0.254020	0.247169	0.239796	0.268433	0.289225	0.247610	0.245314	0.286160	0.250092	0.287879	0.249865	0.293289	0.251723	0.266138	0.249476	0.255076	0.257872	0.261243	0.255607	0.237398	0.262484	0.244794	0.247805	0.234504	0.280116	0.292045	0.293957	0.271235	0.268488	0.274197	0.287972	0.270971	0.239825	0.274378	0.280760	0.288556	0.285477	0.274417	0.262382	0.289663	0.291704	0.284018	0.287239	0.275710	0.290424	0.271180	0.274585	0.288519	0.281916	0.283789	0.280328	0.262383	0.257797	0.262726	0.287741	0.286723	0.267908	0.276253	0.282443	0.277095	0.287952	0.258105	0.258568	0.244392	0.245658	0.254146	0.230547	0.263518	0.258217	0.233045	0.256897	0.257767	0.258643	0.239957	0.252944	0.261664	0.252982	0.265862	0.256867	0.255515	0.255620	0.258458	0.253430	0.241290	0.257726	0.245550	0.257726	0.258199	0.243521	0.259091	0.245091	0.237958	0.256364	0.252620	0.248230	0.243288	0.230348	0.236571	0.260522	0.252896	0.230504	0.238112	0.255187	0.251725	0.252987	0.257915	0.235370	0.236423	0.252280	0.264505	0.244097	0.234383	0.253345	0.239078	0.250858	0.234035	0.257015	0.235218	0.259540	0.233473	0.238009	0.242286	0.242254	0.245430	0.256248	0.263592	0.240230	0.256774	0.260799	0.255266	0.240483	0.257267	0.242854	0.260210	0.239115	0.246065	0.256087	0.252252	0.251712	0.234112	0.253199	0.249009	0.255140	0.287726	0.239091	0.244564	0.286601	0.282759	0.255764	0.241571	0.242831	0.257766	0.257070	0.252290	0.254926	0.254595	0.248880	0.285609	0.254549	0.262858	0.272338	0.238628	0.251105	0.246895	0.247018	0.235931	0.287521	0.260814	0.255354	0.256849	0.248111	0.279240	0.238610	0.265979	0.257895	0.279666	0.251456	0.240098	0.241345	0.292147	0.269036	0.256652	0.292114	0.290446	0.237316	0.267564	0.242636	0.245033	0.286556	0.254371	0.253978	0.284288	0.242616	
0.290106	0.262996	0.263019	0.220754	0.270534	0.221878	0.269774	0.268082	0.265382	0.260806	0.261974	0.308149	0.291193	0.267570	0.251788	0.000000	0.253987	0.251822	0.295735	0.259443	0.299091	0.263825	0.254696	0.298279	0.266241	0.224332	0.256860	0.266046	0.297285	0.265900	0.259348	0.296439	0.260199	0.292639	0.264985	0.304982	0.265096	0.270077	0.221477	0.269496	0.271028	0.268470	0.230964	0.252512	0.254864	0.260050	0.259320	0.260849	0.294600	0.300737	0.297512	0.256263	0.252899	0.248818	0.292694	0.284331	0.262077	0.251977	0.289273	0.296263	0.288965	0.284704	0.254439	0.300000	0.298827	0.297982	0.284100	0.255567	0.300477	0.248197	0.292340	0.289013	0.293103	0.298055	0.298135	0.227238	0.230589	0.233698	0.297599	0.303260	0.292102	0.298304	0.299226	0.299705	0.297318	0.276447	0.269883	0.261846	0.255811	0.270770	0.251859	0.271260	0.265029	0.257172	0.268703	0.269948	0.269466	0.259725	0.260736	0.274304	0.259994	0.266056	0.262285	0.263840	0.266725	0.269372	0.266871	0.259591	0.267190	0.263092	0.269309	0.269978	0.261950	0.267496	0.260672	0.254114	0.259729	0.257284	0.262502	0.264095	0.252573	0.257410	0.269298	0.262712	0.260462	0.259420	0.231659	0.229757	0.266044	0.268886	0.256069	0.263412	0.266353	0.253779	0.260067	0.254397	0.262529	0.257392	0.262660	0.264129	0.229508	0.265282	0.275989	0.254200	0.257452	0.257955	0.265291	0.263821	0.272629	0.277818	0.266068	0.268153	0.268143	0.266337	0.262137	0.262016	0.273223	0.263365	0.258517	0.260590	0.284254	0.260718	0.261673	0.252369	0.264269	0.256142	0.265965	0.299395	0.255471	0.257293	0.298996	0.297981	0.264209	0.253514	0.254445	0.270452	0.227817	0.265112	0.252874	0.263632	0.259806	0.294224	0.260289	0.267289	0.288682	0.257768	0.264586	0.244845	0.266453	0.258553	0.292556	0.260665	0.280646	0.270652	0.261148	0.296307	0.257529	0.283049	0.227843	0.296596	0.257244	0.257565	0.254475	0.297273	0.263106	0.259917	0.302595	0.299488	0.257516	0.275599	0.254458	0.258310	0.296696	0.251048	0.275739	0.289959	0.259621	
0.286114	0.245211	0.264931	0.251571	0.263839	0.250773	0.255469	0.265781	0.262724	0.257649	0.254277	0.291484	0.289369	0.252731	0.231736	0.253987	0.000000	0.234049	0.293701	0.237657	0.291587	0.254423	0.240846	0.286093	0.258261	0.245250	0.244172	0.267503	0.296029	0.246573	0.234664	0.289146	0.253938	0.292351	0.250438	0.296220	0.256064	0.264672	0.248169	0.259988	0.257314	0.253496	0.253595	0.236093	0.267672	0.244949	0.246903	0.238313	0.288856	0.288699	0.294613	0.265759	0.264342	0.266933	0.283177	0.273858	0.237301	0.268954	0.285672	0.292037	0.287493	0.280720	0.266568	0.286381	0.292089	0.292503	0.273957	0.267012	0.292371	0.265276	0.285143	0.287054	0.288991	0.284487	0.282813	0.263329	0.258318	0.258973	0.297544	0.288340	0.278068	0.283044	0.282841	0.287275	0.295537	0.266228	0.259687	0.258653	0.235759	0.259907	0.235354	0.259723	0.252602	0.236109	0.258789	0.265044	0.258696	0.240269	0.264143	0.262127	0.262604	0.259238	0.256388	0.259886	0.258868	0.256060	0.256051	0.242148	0.255616	0.233909	0.259930	0.258712	0.244069	0.263019	0.247391	0.241566	0.256747	0.257881	0.249339	0.238102	0.232965	0.236132	0.260557	0.248206	0.237328	0.249709	0.246364	0.249963	0.248981	0.264388	0.238950	0.242167	0.253606	0.262989	0.239220	0.234618	0.259670	0.242861	0.259146	0.235147	0.247360	0.242733	0.271505	0.241450	0.229767	0.235983	0.245858	0.237621	0.260775	0.259897	0.235796	0.256395	0.254110	0.261312	0.244020	0.260641	0.261100	0.256601	0.242162	0.243492	0.265411	0.254111	0.253023	0.240714	0.254739	0.241048	0.255079	0.288964	0.242615	0.236136	0.295283	0.295178	0.255910	0.231117	0.244481	0.262093	0.252528	0.248331	0.260551	0.244972	0.248768	0.286320	0.252767	0.266191	0.283164	0.235371	0.263460	0.243061	0.242105	0.241952	0.290524	0.261357	0.282230	0.261451	0.236777	0.294396	0.240571	0.275842	0.248535	0.283650	0.262816	0.236962	0.250416	0.297885	0.259232	0.246675	0.294322	0.292430	0.243849	0.271208	0.234423	0.249809	0.287988	0.253623	0.248838	0.282821	0.246876	
0.290411	0.237356	0.260676	0.247215	0.258666	0.245837	0.256272	0.272248	0.263324	0.258825	0.253059	0.291409	0.285552	0.254440	0.235909	0.251822	0.234049	0.000000	0.290899	0.241832	0.298450	0.256294	0.242161	0.289974	0.260956	0.246842	0.249707	0.260832	0.294050	0.253423	0.243792	0.282836	0.252223	0.288279	0.242256	0.295809	0.251623	0.261949	0.252907	0.258649	0.264407	0.266122	0.262518	0.236167	0.261240	0.245614	0.243552	0.248755	0.293797	0.287502	0.293499	0.263995	0.266264	0.260284	0.291990	0.280460	0.246305	0.266695	0.293912	0.294288	0.293833	0.282333	0.264211	0.287935	0.288177	0.290104	0.277956	0.264855	0.301852	0.262892	0.293139	0.285482	0.286288	0.297407	0.290336	0.252114	0.249425	0.252305	0.289774	0.296128	0.274707	0.291993	0.293884	0.293256	0.294300	0.263706	0.265685	0.251571	0.235219	0.255976	0.244720	0.261315	0.257838	0.241369	0.260838	0.261786	0.260708	0.241177	0.267982	0.268132	0.255137	0.266534	0.260620	0.265335	0.259355	0.258032	0.258230	0.244990	0.255409	0.246781	0.256238	0.262405	0.242398	0.259137	0.249928	0.242506	0.253676	0.253425	0.252765	0.240311	0.239690	0.243991	0.266123	0.257617	0.238436	0.249468	0.245690	0.249534	0.254714	0.266124	0.242113	0.241493	0.264740	0.270827	0.243193	0.236415	0.259735	0.240211	0.258368	0.245629	0.254500	0.250183	0.268966	0.244310	0.234478	0.240830	0.243301	0.246683	0.268474	0.264495	0.236265	0.260632	0.261269	0.263861	0.241481	0.258985	0.249459	0.259872	0.236447	0.247571	0.265211	0.250000	0.250142	0.240606	0.245084	0.239505	0.257896	0.289591	0.237537	0.240877	0.295189	0.293393	0.252252	0.251020	0.239480	0.262011	0.254801	0.254772	0.255077	0.239044	0.248512	0.289661	0.250514	0.267005	0.280699	0.235772	0.256243	0.246133	0.245097	0.235236	0.284942	0.262413	0.269057	0.265517	0.242804	0.290914	0.243916	0.275723	0.255374	0.285033	0.256667	0.239072	0.246596	0.299596	0.260551	0.265321	0.294786	0.300226	0.237635	0.270880	0.242231	0.252018	0.293485	0.242436	0.257557	0.284052	0.248968	
0.214784	0.300192	0.319251	0.296367	0.317376	0.299206	0.306597	0.296543	0.315311	0.309534	0.311035	0.238258	0.219899	0.312145	0.298121	0.295735	0.293701	0.290899	0.000000	0.299222	0.220813	0.304399	0.298647	0.221594	0.304786	0.291392	0.303020	0.321156	0.215380	0.304804	0.308527	0.242389	0.316370	0.216058	0.303057	0.223887	0.315567	0.313067	0.301843	0.314897	0.318372	0.312334	0.298521	0.295635	0.308321	0.301938	0.303664	0.305394	0.217655	0.219935	0.222287	0.310425	0.319337	0.311092	0.218863	0.235258	0.303292	0.313504	0.220018	0.221203	0.216364	0.238019	0.303673	0.220433	0.222945	0.224413	0.238077	0.305077	0.242948	0.310083	0.247818	0.246875	0.239570	0.216375	0.225195	0.296482	0.296880	0.303187	0.244732	0.220055	0.238182	0.242380	0.252041	0.244707	0.220920	0.321846	0.316542	0.307870	0.295665	0.312877	0.298443	0.315419	0.316459	0.295907	0.318354	0.315366	0.319637	0.292598	0.315835	0.318555	0.312887	0.311450	0.314828	0.315244	0.317221	0.313541	0.306530	0.295021	0.314241	0.300604	0.317101	0.319521	0.296754	0.309831	0.301290	0.295645	0.314076	0.308889	0.306990	0.299680	0.291691	0.296063	0.320428	0.309926	0.305246	0.306479	0.293426	0.306477	0.305597	0.309911	0.294909	0.303022	0.307056	0.306653	0.290201	0.293822	0.314109	0.294946	0.308168	0.299291	0.299554	0.302793	0.323393	0.302153	0.295836	0.306875	0.302302	0.299252	0.322270	0.317977	0.301162	0.313370	0.314066	0.313011	0.301752	0.316290	0.305051	0.318738	0.294194	0.297430	0.321543	0.312715	0.308853	0.296825	0.303196	0.295945	0.316698	0.219657	0.293990	0.296456	0.219799	0.222543	0.307679	0.300704	0.295431	0.312038	0.297352	0.317760	0.310778	0.300748	0.299242	0.229633	0.309998	0.319327	0.243248	0.296963	0.317916	0.298091	0.296970	0.310568	0.219968	0.312373	0.262662	0.323805	0.305024	0.221286	0.299641	0.241334	0.302416	0.240967	0.318581	0.298701	0.299254	0.229003	0.312376	0.313075	0.220474	0.218614	0.306424	0.239103	0.298324	0.308006	0.220352	0.322519	0.306878	0.239727	0.301266	
0.290724	0.246445	0.267731	0.267717	0.259052	0.246593	0.253084	0.267717	0.265064	0.258152	0.252549	0.297931	0.295562	0.263424	0.240881	0.259443	0.237657	0.241832	0.299222	0.000000	0.296541	0.255132	0.244368	0.291763	0.250844	0.254988	0.238758	0.271380	0.301049	0.247364	0.254411	0.288325	0.262360	0.290699	0.242649	0.294755	0.260763	0.262241	0.256403	0.265390	0.270270	0.264826	0.257951	0.249714	0.263447	0.252224	0.249706	0.242802	0.291714	0.291397	0.303458	0.266106	0.265764	0.261991	0.287994	0.274835	0.243619	0.271019	0.289009	0.293378	0.289296	0.284992	0.261946	0.289498	0.288691	0.297434	0.285687	0.259468	0.290548	0.261083	0.275242	0.289030	0.287061	0.287000	0.288262	0.258722	0.258697	0.256499	0.286034	0.290879	0.282942	0.286104	0.287671	0.285303	0.295575	0.269803	0.267019	0.255821	0.244495	0.260504	0.245612	0.258937	0.255087	0.239840	0.261392	0.264718	0.258254	0.237162	0.260577	0.257738	0.257355	0.265120	0.261375	0.259523	0.259966	0.259796	0.259275	0.240456	0.262927	0.248545	0.257457	0.259190	0.247297	0.263905	0.258264	0.245041	0.259857	0.256458	0.255640	0.245248	0.234321	0.242499	0.263519	0.252827	0.241799	0.247941	0.249426	0.249642	0.250295	0.263494	0.244280	0.250895	0.257558	0.269313	0.234097	0.242209	0.257880	0.239736	0.261297	0.237706	0.253392	0.241662	0.267323	0.235811	0.238197	0.246693	0.245415	0.247072	0.270978	0.265555	0.239479	0.260626	0.262018	0.264543	0.242687	0.259951	0.248001	0.262835	0.247815	0.248677	0.261087	0.259997	0.257830	0.240286	0.253423	0.236149	0.259061	0.292732	0.240857	0.237331	0.298164	0.290138	0.262431	0.248040	0.247731	0.263165	0.262661	0.258100	0.250346	0.243382	0.247131	0.294397	0.262251	0.260592	0.287208	0.233295	0.260003	0.247788	0.248784	0.248612	0.291965	0.259307	0.283229	0.269333	0.250428	0.292884	0.243374	0.285447	0.259785	0.287758	0.262852	0.241674	0.249959	0.298499	0.260294	0.270036	0.301754	0.305111	0.248082	0.275526	0.245240	0.254734	0.292769	0.252644	0.258606	0.286240	0.244556	
