0.00000000099999999993 0.00000000099999999993 0.99999999800000005656 
0.07326869689181050860 0.92673130210818943642 0.00000000099999999999 
0.96170254648765141070 0.03829745251234856207 0.00000000099999999998 
0.28909511967921958098 0.67027442979823415037 0.04063045052254625478 
0.92957619555455750504 0.07042380344544256487 0.00000000099999999999 
0.22928827544293722829 0.73916850735664285654 0.03154321720042006783 
0.90821110326736920193 0.08691561829083764568 0.00487327844179312117 
0.30861614559781536116 0.42966289655799011493 0.26172095784419446840 
0.97489049767338642472 0.01680062347776995271 0.00830887884884365553 
0.99114002797958944413 0.00002823738325436220 0.00883173463715619493 
0.99589504182580035341 0.00410495717419959768 0.00000000099999999999 
0.09973098449965649148 0.01198255624664575775 0.88828645925369764669 
0.00000000100000000000 0.01286991870532193903 0.98713008029467819160 
0.92622940243702966967 0.07377059656297033086 0.00000000099999999998 
0.00000542838710746380 0.99571596216453894801 0.00427860944835360343 
0.20914595585744102935 0.73104772396528727718 0.05980632017727175592 
0.00000000099999999999 0.99775056289249286490 0.00224943610750722497 
0.00000096430745463473 0.99999903469254525223 0.00000000099999999998 
0.00000000099999999992 0.00000000099999999992 0.99999999800000005656 
0.00000000276556393251 0.99999999623443613928 0.00000000099999999999 
0.00000000099999999990 0.00000000099999999990 0.99999999800000005656 
0.99999999800000005656 0.00000000099999999997 0.00000000099999999997 
0.00002663181581861827 0.99997336718418139423 0.00000000099999999997 
0.00000000099999999999 0.00000000178393717869 0.99999999721606291914 
0.96147764732996021664 0.03852235167003982552 0.00000000099999999999 
0.24032896992506641576 0.65952935775559018428 0.10014167231934342772 
0.00000000099999999998 0.99999999799999994554 0.00000000099999999998 
0.97317832978623164397 0.02682166921376832186 0.00000000099999999998 
0.00000000099999999991 0.00000000099999999991 0.99999999800000005656 
0.46855056520979732060 0.53144943379020270768 0.00000000099999999999 
0.40823261549707318130 0.59176704028003368485 0.00000034422289320080 
0.00000000100000000000 0.13872002240576605803 0.86127997659423405352 
0.94825569920371521881 0.05174429979628479559 0.00000000099999999998 
0.00000000099999999994 0.00000000099999999994 0.99999999799999994554 
0.00018431341397956026 0.99981568558602040842 0.00000000099999999999 
0.00000000099999999992 0.00000000099999999992 0.99999999800000005656 
0.50743555208428092751 0.49256444691571893424 0.00000000099999999999 
0.99999996153438319713 0.00000003746561679369 0.00000000099999999998 
0.24328652549725440779 0.69104484976274926922 0.06566862473999628136 
0.99904727808089976993 0.00095272091910024177 0.00000000099999999999 
0.27041842160841128573 0.66654130101605901793 0.06304027737552971022 
0.03218429340131679500 0.96781570559868324022 0.00000000099999999998 
0.96730284622752182866 0.00062609418147130294 0.03207105959100685355 
0.09205156374167945688 0.90613057845558087067 0.00181785780273971929 
0.00000008380989453319 0.99999991519010533736 0.00000000100000000000 
0.01315689745980017610 0.98684310154019971861 0.00000000099999999998 
0.00000000099999999991 0.00000000099999999991 0.99999999800000005656 
0.00000000099999999994 0.00000000099999999994 0.99999999799999994554 
0.00000000099999999993 0.00000000099999999993 0.99999999799999994554 
0.98148365448265295630 0.01133974736876911318 0.00717659814857801205 
0.96979808825580049447 0.00000000099999999999 0.03020191074419951646 
0.97760834452283928986 0.01708008206414531049 0.00531157341301543000 
0.00000000099999999991 0.00000000099999999991 0.99999999799999994554 
0.00000022302297106352 0.16203396220782478876 0.83796581476920417586 
0.00004326418787259527 0.99995673481212732359 0.00000000099999999999 
0.95795571510216370736 0.01085952186071908153 0.03118476303711727182 
0.00000000099999999991 0.00000000099999999991 0.99999999799999994554 
0.03406589629309285383 0.10193106342148587629 0.86400304028542129764 
0.96225768488953777879 0.00000014519380049958 0.03774216991666173165 
0.00000000099999999994 0.00000000099999999994 0.99999999800000005656 
0.00000000099999999995 0.00000000099999999995 0.99999999799999994554 
0.00000000099999999999 0.01739949543792377804 0.98260050356207617739 
0.00000000099999999999 0.16042493253975406708 0.83957506646024604446 
0.97314467766076739874 0.00036639970023759214 0.02648892263899509450 
0.00000000167053107914 0.10763042438621586716 0.89236957394325300275 
0.98052426194937336579 0.00000000099999999999 0.01947573705062660698 
0.02966829251854093824 0.11675636583252044232 0.85357534164893866802 
0.02815447279306876674 0.11991268733892773701 0.85193283986800361074 
0.04852248472770741977 0.08964140914368813606 0.86183610612860450662 
0.00000000099999999992 0.00000000099999999992 0.99999999799999994554 
0.00000000099999999991 0.00000000099999999991 0.99999999800000005656 
0.30995003717800206910 0.64534656338757723226 0.04470339943442060149 
0.06254171770970876065 0.07094327912505642153 0.86651500316523477618 
0.00000000099999999992 0.00000000099999999992 0.99999999800000005656 
0.01813098097690604704 0.12723013980942854406 0.85463887921366543665 
0.02641954278215830759 0.10427746167058542237 0.86930299554725620759 
0.06196310778740897474 0.10730460792682162963 0.83073228428576928462 
0.00806727687265215883 0.17574235462055798340 0.81619036850678983175 
0.00000000099999999991 0.00000000099999999991 0.99999999799999994554 
0.99999930900309330628 0.00000068999690674447 0.00000000099999999997 
0.99413356340694203350 0.00586643559305792886 0.00000000099999999998 
0.00067923177950204232 0.99932076722049800743 0.00000000099999999999 
0.99988057655716933159 0.00011942244283067756 0.00000000099999999997 
0.03214548654976741304 0.96785451245023268463 0.00000000099999999999 
0.00000000099999999996 0.99999999799999994554 0.00000000099999999996 
0.99999999800000005656 0.00000000099999999997 0.00000000099999999997 
0.97917269481408242271 0.02082730418591755353 0.00000000099999999998 
0.99999999799999994554 0.00000000099999999997 0.00000000099999999997 
0.00000000099999999999 0.99999999800000005656 0.00000000099999999999 
0.99999999799999994554 0.00000000099999999995 0.00000000099999999995 
0.99999999799999994554 0.00000000099999999995 0.00000000099999999995 
0.99999999799999994554 0.00000000099999999995 0.00000000099999999995 
0.99999999800000005656 0.00000000099999999996 0.00000000099999999996 
0.99983981616588768482 0.00016018283411222520 0.00000000099999999998 
0.99999500125313189880 0.00000499774686802430 0.00000000099999999997 
0.99996511138467636393 0.00003488761532349626 0.00000000099999999997 
0.99999999800000005656 0.00000000099999999996 0.00000000099999999996 
0.99603485738424335505 0.00000000099999999999 0.00396514161575675650 
0.00001530478002285177 0.99998469421997715489 0.00000000099999999998 
0.99999999800000005656 0.00000000099999999996 0.00000000099999999996 
0.01780036683548390924 0.98219963216451600108 0.00000000099999999998 
0.99999989392387145237 0.00000010507612854302 0.00000000099999999996 
0.02047368315458582624 0.96342174056775520263 0.01610457627765884275 
0.98242488470339195406 0.01757511429660797708 0.00000000099999999998 
0.52291057985326105939 0.47708941914673880236 0.00000000099999999997 
0.00000000099999999998 0.99999999800000005656 0.00000000099999999998 
0.99999999800000005656 0.00000000099999999995 0.00000000099999999995 
0.99998684146549898788 0.00001315753450101190 0.00000000099999999999 
0.98023221514810521260 0.01976778385189489895 0.00000000099999999998 
0.21724187257275240359 0.78275812642724751367 0.00000000099999999998 
0.00177337028907993666 0.99822662871091993875 0.00000000099999999997 
0.98977794131991991833 0.01022205768008015679 0.00000000099999999997 
0.99997209835894329544 0.00002790064105677479 0.00000000099999999998 
0.00000000279556676108 0.99999999620443313919 0.00000000099999999999 
0.49850975133685238028 0.50149024766314753698 0.00000000099999999998 
0.20620160241621179886 0.76807954501046094009 0.02571885257332719860 
0.97214358810886081219 0.02785641089113919527 0.00000000099999999999 
0.01791650022772706477 0.98208349877227285596 0.00000000099999999998 
0.98926576148689615575 0.00000000099999999999 0.01073423751310382569 
0.00484349113690110255 0.99515650786309883813 0.00000000099999999999 
0.00400973970305719667 0.99599025929694284809 0.00000000099999999998 
0.99999999800000005656 0.00000000099999999996 0.00000000099999999996 
0.00044728065156101547 0.99955271834843895107 0.00000000099999999999 
0.99999999799999994554 0.00000000099999999998 0.00000000099999999998 
0.00000000355122406503 0.99999999544877593571 0.00000000099999999997 
0.23686886598699916084 0.71360574278958399663 0.04952539122341691191 
0.00000000099999999999 0.99999999800000005656 0.00000000099999999999 
0.97262303818647277698 0.02737696081352725477 0.00000000099999999997 
0.00000000099999999997 0.99999999800000005656 0.00000000099999999997 
0.02534037086380793585 0.97465962813619189120 0.00000000099999999997 
0.04471248715276907038 0.95528751184723093015 0.00000000099999999999 
0.00000000099999999997 0.99999999800000005656 0.00000000099999999997 
0.96224054896480804011 0.03775945003519183552 0.00000000099999999996 
0.97544108852284139299 0.02455890933138456939 0.00000000214577403267 
0.00000000099999999996 0.99999999800000005656 0.00000000099999999996 
0.99999999800000005656 0.00000000099999999996 0.00000000099999999996 
0.98982179236475609230 0.00001957845317919881 0.01015862918206461921 
0.00000000099999999999 0.99996799605227759677 0.00003200294772253384 
0.97771916940837821919 0.02228082959162169807 0.00000000099999999997 
0.00000042766985805080 0.99979399237979504900 0.00020557995034680500 
0.98593889022463054861 0.01406110877536932528 0.00000000099999999998 
0.01177008120242700392 0.98644283285188971711 0.00178708594568328938 
0.01395114816893587399 0.98604885083106408317 0.00000000099999999998 
0.97755290726315402505 0.02244709173684607956 0.00000000099999999998 
0.97404115316233730315 0.02595884583766265574 0.00000000099999999998 
0.01683689878198835893 0.98316310021801156527 0.00000000099999999998 
0.55040781033747221418 0.44959218866252775859 0.00000000099999999998 
0.00240745127148486379 0.99759254772851513327 0.00000000099999999999 
0.97213532669511504292 0.02786467230488482230 0.00000000099999999997 
0.00000000099999999992 0.00000000099999999992 0.99999999800000005656 
0.06791779619709266413 0.93207761131552901990 0.00000459248737827698 
0.06251788472402927677 0.93748211427597061274 0.00000000100000000000 
0.00000000099999999995 0.00000000099999999995 0.99999999799999994554 
0.00000000099999999996 0.00000000099999999996 0.99999999800000005656 
0.99824338525037181746 0.00175661374962808245 0.00000000099999999998 
0.00321777944537341484 0.99678221955462653625 0.00000000099999999998 
0.02989252305273662133 0.97010658056386300796 0.00000089638340049967 
0.93840009898847831504 0.06159990001152162997 0.00000000099999999999 
0.29811012115104523756 0.63618065555999103733 0.06570922328896376674 
0.95944595134516041934 0.04024642254241155709 0.00030762611242793868 
0.39575023906318423927 0.58239467938064581887 0.02185508155616998002 
0.00136875672026802930 0.99863124227973187885 0.00000000099999999999 
0.47528524253134235567 0.52471475646865761711 0.00000000099999999998 
0.07813031450064243655 0.04075030646779563559 0.88111937903156190011 
0.98447421456740114021 0.00210665336431843436 0.01341913206828045449 
0.95402755209677592152 0.02454752326869859280 0.02142492463452546486 
0.04216604730357976366 0.14455196244216819701 0.81328199025425207402 
0.00007200190437424103 0.99992462836331463816 0.00000336973231099025 
0.99375484525301893690 0.00624515374698092311 0.00000000099999999999 
0.15204817889425281674 0.79183188341132748622 0.05611993769441970398 
0.43717381467355714841 0.52467410461053842763 0.03815208071590433375 
0.00000000099999999997 0.99999999800000005656 0.00000000099999999997 
0.00000000099999999996 0.00000000099999999996 0.99999999800000005656 
0.99814831023127148502 0.00185168876872837088 0.00000000099999999998 
0.04195941787454613575 0.27129300318036492223 0.68674757894508886569 
0.91756895893093426420 0.07229878992264220094 0.01013225114642367364 
0.03903324328596013970 0.96096675571403977756 0.00000000099999999997 
0.00000000099999999992 0.00000000099999999992 0.99999999800000005656 
0.02582769735373280709 0.97417230164626711364 0.00000000099999999999 
0.00858446800902955970 0.14048441236438075075 0.85093111962658973813 
0.26299808623238646321 0.68461360474174703938 0.05238830902586654598 
0.00000001429235196607 0.21703640986354849618 0.78296357584409959074 
0.98303230428177501565 0.01696769471822504038 0.00000000099999999998 
0.00000953391516627977 0.99999046508483369067 0.00000000099999999998 
0.01092905954225334778 0.98210822742659453777 0.00696271303115215175 
0.00000000099999999990 0.00000000099999999990 0.99999999800000005656 
0.98012626578580497316 0.01987316524664256567 0.00000056896755244601 
0.91215690944263427831 0.06936241711188353976 0.01848067344548226174 
0.00000000099999999996 0.00000000099999999996 0.99999999800000005656 
0.00000000099999999997 0.99999999800000005656 0.00000000099999999997 
0.02114455064571117704 0.21075332511373706668 0.76810212424055168690 
0.03152599072354796139 0.96847400827645202526 0.00000000100000000000 
0.06389552525422641238 0.93610447374577354651 0.00000000099999999999 
0.00000000099999999998 0.05002468603706990147 0.94997531296293002967 
0.19082541946192588256 0.80917457953807403470 0.00000000100000000000 
0.24401426773255360803 0.70027774952735644121 0.05570798274008988138 
0.06640675270799166474 0.06498333827361971182 0.86860990901838852629 
0.04794993401415618278 0.94265077966736199322 0.00939928631848188818 
