0.99999999500000003039 0.00000000099999999985 0.00000000099999999985 0.00000000099999999985 0.00000000099999999985 0.00000000099999999985 
0.00000000099999999997 0.00000000099999999997 0.00000000099999999997 0.12234665659725393883 0.00000000099999999997 0.87765333940274603552 
0.00000000099999999996 0.21546440267981870065 0.00000000099999999996 0.73819434835271957596 0.03067028320459358817 0.01567096376286810158 
0.00000000099999999998 0.00000000099999999998 0.00000000099999999998 0.00000000099999999998 0.62191970300636800761 0.37808029299363210551 
0.00000000099999999997 0.01997993564802949887 0.00000000099999999997 0.93215657559734765858 0.00000002861488674692 0.04786345813973595653 
0.00000000099999999999 0.00000000099999999999 0.00000000287209685896 0.00000000099999999999 0.50560169372205598926 0.49439830040584725745 
0.00000000099999999999 0.00000000099999999999 0.00000000099999999999 0.97611450579775316250 0.00000000099999999999 0.02388549020224687083 
0.12080641278565144858 0.00002195585640393778 0.16280838384583340428 0.23619388918761177742 0.17637386084539941056 0.30379549747909989632 
0.00270526203904368013 0.21462619289246823162 0.00000000100000000000 0.73103471005273079619 0.05163334694165363364 0.00000048707410371887 
0.00000000099999999999 0.27152419879845068884 0.00379120734648530572 0.72468459085506387041 0.00000000099999999999 0.00000000099999999999 
0.00000000099999999997 0.00000000686765390219 0.00000000099999999997 0.99999989542550549171 0.00000009470684058779 0.00000000099999999997 
0.29769331598121373528 0.00000000099999999998 0.67074472767324777589 0.03156195334553846960 0.00000000099999999998 0.00000000099999999998 
0.99403407124495957170 0.00000000099999999997 0.00000000099999999997 0.00000000099999999997 0.00000000099999999997 0.00596592475504048158 
0.00000000099999999997 0.36368232789863330634 0.00000000099999999997 0.57766740084557643975 0.00000039563231609616 0.05864987362347411082 
0.00000000099999999999 0.00000000099999999999 0.01275585818165593695 0.04604479359077334050 0.00000000099999999999 0.94119934522757076056 
0.02316847815309711067 0.00000000099999999995 0.00000000099999999995 0.00000000099999999995 0.56766696962272489291 0.40916454922417788698 
0.00234429549987068145 0.00000000099999999999 0.00000000099999999999 0.00000000099999999999 0.00000000099999999999 0.99765570050012930547 
0.00000000099999999995 0.00000000099999999995 0.00000000099999999995 0.04440510495955124481 0.00000000099999999995 0.95559489104044870178 
0.99999999500000003039 0.00000000099999999983 0.00000000099999999983 0.00000000099999999983 0.00000000099999999983 0.00000000099999999983 
0.00000000099999999997 0.00000000099999999997 0.00000000099999999997 0.04817829326100677573 0.00000000099999999997 0.95182170273899335822 
0.99999999500000014141 0.00000000099999999980 0.00000000099999999980 0.00000000099999999980 0.00000000099999999980 0.00000000099999999980 
0.00000000099999999993 0.14524528973498423978 0.00000000099999999993 0.85475470626501581783 0.00000000099999999993 0.00000000099999999993 
0.00000000099999999994 0.00000000099999999994 0.00000000099999999994 0.04325581375838680187 0.01772493724846266674 0.93901924599315056419 
0.99999999500000003039 0.00000000099999999995 0.00000000099999999995 0.00000000099999999995 0.00000000099999999995 0.00000000099999999995 
0.00000000099999999996 0.00000000099999999996 0.00000000099999999996 0.99999991496506679400 0.00000000099999999996 0.00000008103493324317 
0.06618102855286750463 0.00000000099999999997 0.00000000099999999997 0.00000000099999999997 0.53588173809418571114 0.39793723035294692458 
0.00000000099999999997 0.00000000099999999997 0.00000000099999999997 0.03504051551712152046 0.00000000099999999997 0.96495948048287849552 
0.00000000099999999993 0.00000506535164449123 0.00000000099999999993 0.99999493064835542899 0.00000000099999999993 0.00000000099999999993 
0.99999999500000014141 0.00000000099999999981 0.00000000099999999981 0.00000000099999999981 0.00000000099999999981 0.00000000099999999981 
0.00000000099999999997 0.00000000099999999997 0.00000000099999999997 0.48516103198194721058 0.02251266518080898699 0.49232629983724385259 
0.00000000099999999999 0.00070236436778334937 0.00000000099999999999 0.42007652396153671859 0.02539672025510966019 0.55382438941557021739 
0.00000000099999999985 0.00000000099999999985 0.99999999499999991937 0.00000000099999999985 0.00000000099999999985 0.00000000099999999985 
0.00000000099999999993 0.00000000099999999993 0.00000000099999999993 0.99999999500000003039 0.00000000099999999993 0.00000000099999999993 
0.99999999500000003039 0.00000000099999999988 0.00000000099999999988 0.00000000099999999988 0.00000000099999999988 0.00000000099999999988 
0.00000000099999999997 0.00000000099999999997 0.00000000099999999997 0.07202602608457898958 0.00000000099999999997 0.92797396991542113742 
0.99999999500000003039 0.00000000099999999982 0.00000000099999999982 0.00000000099999999982 0.00000000099999999982 0.00000000099999999982 
0.00000000099999999999 0.07685648911415472739 0.00000000099999999999 0.44887337094139329041 0.02006788432387435553 0.45420225362057758955 
0.00000000099999999990 0.00000000099999999990 0.00000000099999999990 0.99999999500000003039 0.00000000099999999990 0.00000000099999999990 
0.00390325548734514645 0.00000000099999999999 0.00000000099999999999 0.00000000099999999999 0.49943464965794465149 0.49666209185471010823 
0.00000000099999999992 0.00000000099999999992 0.00000000099999999992 0.99999999499999991937 0.00000000099999999992 0.00000000099999999992 
0.00000000099999999996 0.00000000099999999996 0.01372258572910399488 0.00000000099999999996 0.58416903601009473324 0.40210837526080128734 
0.00000000099999999994 0.00000000099999999994 0.00000000099999999994 0.10593832742741955688 0.00000000099999999994 0.89406166857258040359 
0.00000000099999999986 0.00000000099999999986 0.00000000099999999986 0.00000000099999999986 0.99999999499999991937 0.00000000099999999986 
0.00053132903234112672 0.00000000100000000000 0.00004372921260000258 0.13612042749727487623 0.01778504519168404296 0.84551946806609989959 
0.00000000099999999999 0.00000000360628262013 0.00000000099999999999 0.02766715653370613315 0.02986427928796328568 0.94246855857204803186 
0.00000000099999999996 0.00000000099999999996 0.00000000099999999996 0.05794107517361354182 0.00000000099999999996 0.94205892082638653662 
0.99999999500000014141 0.00000000099999999980 0.00000000099999999980 0.00000000099999999980 0.00000000099999999980 0.00000000099999999980 
0.99999999500000014141 0.00000000099999999986 0.00000000099999999986 0.00000000099999999986 0.00000000099999999986 0.00000000099999999986 
0.99999999500000014141 0.00000000099999999983 0.00000000099999999983 0.00000000099999999983 0.00000000099999999983 0.00000000099999999983 
0.00000000099999999979 0.00000000099999999979 0.00000000099999999979 0.00000000099999999979 0.99999999500000003039 0.00000000099999999979 
0.00000000099999999980 0.00000000099999999980 0.00000000099999999980 0.00000000099999999980 0.99999999499999991937 0.00000000099999999980 
0.00000000099999999980 0.00000000099999999980 0.00000000099999999980 0.00000000099999999980 0.99999999500000003039 0.00000000099999999980 
0.99999999500000003039 0.00000000099999999980 0.00000000099999999980 0.00000000099999999980 0.00000000099999999980 0.00000000099999999980 
0.00000020999292749278 0.00000000099999999992 0.99999978600707262189 0.00000000099999999992 0.00000000099999999992 0.00000000099999999992 
0.00000000099999999997 0.00000000099999999997 0.00000000099999999997 0.05037203964578391285 0.00000002335465462635 0.94962793399956146878 
0.00000000099999999979 0.00000000099999999979 0.00000000099999999979 0.00000000099999999979 0.99999999499999991937 0.00000000099999999979 
0.99999999500000014141 0.00000000099999999982 0.00000000099999999982 0.00000000099999999982 0.00000000099999999982 0.00000000099999999982 
0.05688298105041347114 0.00000000099999999988 0.94311701494958655179 0.00000000099999999988 0.00000000099999999988 0.00000000099999999988 
0.00000000099999999984 0.00000000099999999984 0.00000000099999999984 0.00000000099999999984 0.99999999500000003039 0.00000000099999999984 
0.99999678424716331726 0.00000000099999999989 0.00000321175283666650 0.00000000099999999989 0.00000000099999999989 0.00000000099999999989 
0.97578728877435261246 0.00000000099999999991 0.02421270722564734801 0.00000000099999999991 0.00000000099999999991 0.00000000099999999991 
0.74727935997337147089 0.00000000099999999993 0.25272063602662853121 0.00000000099999999993 0.00000000099999999993 0.00000000099999999993 
0.11829031738257465844 0.00000000099999999996 0.88030939783885797656 0.00000000099999999996 0.00000000099999999996 0.00140028177856733188 
0.00000000099999999981 0.00000000099999999981 0.00000000099999999981 0.00000000099999999981 0.99999999500000003039 0.00000000099999999981 
0.00000000099999999980 0.00000000099999999980 0.99999999499999991937 0.00000000099999999980 0.00000000099999999980 0.00000000099999999980 
0.00000000099999999980 0.00000000099999999980 0.00000000099999999980 0.00000000099999999980 0.99999999499999991937 0.00000000099999999980 
0.00000000099999999986 0.00000000099999999986 0.99999999499999991937 0.00000000099999999986 0.00000000099999999986 0.00000000099999999986 
0.00000000099999999986 0.00000000099999999986 0.99999999499999991937 0.00000000099999999986 0.00000000099999999986 0.00000000099999999986 
0.00000000099999999985 0.00000000099999999985 0.99999999499999991937 0.00000000099999999985 0.00000000099999999985 0.00000000099999999985 
0.99091685921540129112 0.00000000099999999984 0.00908313678459884977 0.00000000099999999984 0.00000000099999999984 0.00000000099999999984 
0.99999999500000014141 0.00000000099999999980 0.00000000099999999980 0.00000000099999999980 0.00000000099999999980 0.00000000099999999980 
0.00000000099999999996 0.00000000099999999996 0.01092588882488853760 0.00000000099999999996 0.59950670003547323894 0.38956740813963824932 
0.12950001340927133620 0.00000000099999999997 0.84149492569757544658 0.00000000099999999997 0.02900505789315313207 0.00000000099999999997 
0.99999999500000014141 0.00000000099999999984 0.00000000099999999984 0.00000000099999999984 0.00000000099999999984 0.00000000099999999984 
0.00000000099999999985 0.00000000099999999985 0.99999999500000003039 0.00000000099999999985 0.00000000099999999985 0.00000000099999999985 
0.00000000099999999986 0.00000000099999999986 0.99999999499999991937 0.00000000099999999986 0.00000000099999999986 0.00000000099999999986 
0.00000000099999999988 0.00000000099999999988 0.99999999499999991937 0.00000000099999999988 0.00000000099999999988 0.00000000099999999988 
0.00000000099999999993 0.00000000099999999993 0.99999999500000003039 0.00000000099999999993 0.00000000099999999993 0.00000000099999999993 
0.99999999500000003039 0.00000000099999999981 0.00000000099999999981 0.00000000099999999981 0.00000000099999999981 0.00000000099999999981 
0.00000000099999999989 0.99999999500000014141 0.00000000099999999989 0.00000000099999999989 0.00000000099999999989 0.00000000099999999989 
0.00000000099999999994 0.62909220584422176348 0.00000000099999999994 0.37090779015577829414 0.00000000099999999994 0.00000000099999999994 
0.00000000099999999995 0.08500168801425647680 0.00000000099999999995 0.00000000099999999995 0.00000000099999999995 0.91499830798574355306 
0.00000000099999999992 0.31092821221591948611 0.00000000099999999992 0.68907131696079426675 0.00000046782328623284 0.00000000099999999992 
0.00000000099999999999 0.00000000099999999999 0.00043571861003265756 0.08708122025302345026 0.00000000099999999999 0.91248305813694385868 
0.00000000099999999992 0.00000000099999999992 0.00000000099999999992 0.00000000099999999992 0.00000000099999999992 0.99999999500000003039 
0.00000000099999999994 0.72924254219646134079 0.00000000099999999994 0.27075745380353866132 0.00000000099999999994 0.00000000099999999994 
0.00000000099999999996 0.53434393433852955813 0.00000000099999999996 0.46256630470205462036 0.00000000099999999996 0.00308975795941599527 
0.00000000099999999991 0.99998931844403315949 0.00000000099999999991 0.00000143872547055679 0.00000923983049635700 0.00000000099999999991 
0.00000000099999999997 0.00000000099999999997 0.00000000099999999997 0.05098329063990463678 0.00000000099999999997 0.94901670536009530288 
0.00000000099999999989 0.00000015787753511700 0.00000000099999999989 0.99999983812246495685 0.00000000099999999989 0.00000000099999999989 
0.00000000099999999990 0.18443665858962987603 0.00000000099999999990 0.81556333741037023710 0.00000000099999999990 0.00000000099999999990 
0.00000000099999999990 0.99996771471116052687 0.00000000099999999990 0.00003228128883952959 0.00000000099999999990 0.00000000099999999990 
0.00000000099999999994 0.31760976488978603927 0.00000000099999999994 0.68239023111021401835 0.00000000099999999994 0.00000000099999999994 
0.00000000099999999989 0.99999999500000014141 0.00000000099999999989 0.00000000099999999989 0.00000000099999999989 0.00000000099999999989 
0.00000000099999999991 0.00000000099999999991 0.00000000099999999991 0.99999999499999991937 0.00000000099999999991 0.00000000099999999991 
0.00000000099999999993 0.38113769015028597931 0.00000000099999999993 0.61715394354850861003 0.00170836330120529732 0.00000000099999999993 
0.00000000099999999988 0.99999999500000003039 0.00000000099999999988 0.00000000099999999988 0.00000000099999999988 0.00000000099999999988 
0.00000000099999999998 0.22343201228761480626 0.00000000099999999998 0.77656798371238511258 0.00000000099999999998 0.00000000099999999998 
0.00000000099999999997 0.05599208430093438604 0.00000000099999999997 0.00000000099999999997 0.00000000099999999997 0.94400791169906550504 
0.00000000099999999991 0.99999999500000003039 0.00000000099999999991 0.00000000099999999991 0.00000000099999999991 0.00000000099999999991 
0.00000000099999999996 0.07961426041938807208 0.00000000099999999996 0.00000000099999999996 0.00000000099999999996 0.92038573558061187452 
0.00000000099999999988 0.99999999500000003039 0.00000000099999999988 0.00000000099999999988 0.00000000099999999988 0.00000000099999999988 
0.00000000100000000000 0.00002812956734367062 0.02383660670978845694 0.07680870986628648978 0.00000000100000000000 0.89932655185658139096 
0.00000000099999999995 0.55402638940436499393 0.00000000099999999995 0.44597360659563495267 0.00000000099999999995 0.00000000099999999995 
0.00000000099999999994 0.20528981052276237818 0.00000000099999999994 0.35034188493201484649 0.00000000099999999994 0.44436830154522288794 
0.00000000099999999998 0.00000000099999999998 0.00000000099999999998 0.02269323298873110809 0.01244123260706705633 0.96486553140420183716 
0.00000000099999999989 0.99692671388920606201 0.00000000099999999989 0.00307328211079406803 0.00000000099999999989 0.00000000099999999989 
0.00000000099999999997 0.35878084996928283346 0.00000000099999999997 0.64121914603071716865 0.00000000099999999997 0.00000000099999999997 
0.00000000099999999992 0.99999999500000014141 0.00000000099999999992 0.00000000099999999992 0.00000000099999999992 0.00000000099999999992 
0.00000000099999999993 0.28813953199709646524 0.00000000099999999993 0.00000000099999999993 0.00000000099999999993 0.71186046400290348135 
0.00000000099999999993 0.08458018846096915233 0.00000000099999999993 0.00000000099999999993 0.00000000099999999993 0.91541980753903073875 
0.00000000099999999991 0.99999999500000014141 0.00000000099999999991 0.00000000099999999991 0.00000000099999999991 0.00000000099999999991 
0.00000000099999999992 0.00158212675744339370 0.00000000099999999992 0.99841786924255671032 0.00000000099999999992 0.00000000099999999992 
0.00000000099999999998 0.03414372792167783693 0.00000000099999999998 0.00001413017328292259 0.00000000099999999998 0.96584213890503911593 
0.00000000099999999995 0.10711664568639796269 0.00000000099999999995 0.42750705182494658230 0.00000000099999999995 0.46537629948865544272 
0.00000000099999999992 0.00000000099999999992 0.00000000099999999992 0.00000000099999999992 0.55277980102447543675 0.44722019497552456535 
0.00000000099999999994 0.99999999500000014141 0.00000000099999999994 0.00000000099999999994 0.00000000099999999994 0.00000000099999999994 
0.00000000099999999994 0.10397616493967250240 0.00000000099999999994 0.00000000099999999994 0.00000000099999999994 0.89602383106032734705 
0.00000000099999999980 0.00000000099999999980 0.00000000099999999980 0.00000000099999999980 0.99999999499999991937 0.00000000099999999980 
0.00000000099999999998 0.03496404861030188993 0.00000000099999999998 0.00000000099999999998 0.03740429238273221269 0.92763165600696595448 
0.00000000099999999996 0.00000000099999999996 0.00000000099999999996 0.05350365548087623185 0.00114325022163961547 0.94535309129748423818 
0.00000000099999999992 0.29450528979798251683 0.00000000099999999992 0.67697664647748434508 0.02851806072453299742 0.00000000099999999992 
0.00000000099999999998 0.08744163273488354815 0.00000000099999999998 0.00000000099999999998 0.00000000099999999998 0.91255836326511641232 
0.00000000099999999993 0.00000000099999999993 0.00000000099999999993 0.98745519402931281050 0.01254480197068729569 0.00000000099999999993 
0.00000000099999999993 0.06565126044622707213 0.00000000099999999993 0.00000000099999999993 0.00000000099999999993 0.93434873555377295773 
0.00000000099999999996 0.00000000099999999996 0.00000001180207800309 0.00000000099999999996 0.53565177641039729561 0.46434820878752458562 
0.00000000099999999998 0.00000000176845605955 0.00000000099999999998 0.00000000099999999998 0.03607263146592810249 0.96392736376561594103 
0.00000000099999999990 0.99999999500000014141 0.00000000099999999990 0.00000000099999999990 0.00000000099999999990 0.00000000099999999990 
0.00000000099999999994 0.04882625508264170494 0.00000000099999999994 0.00000000099999999994 0.00000000099999999994 0.95117374091735829023 
0.00000000099999999993 0.07969044246019540978 0.00000000099999999993 0.00000000099999999993 0.00000000099999999993 0.92030955353980448130 
0.00000000099999999998 0.11090567328523687207 0.00000000099999999998 0.00000000099999999998 0.00000000099999999998 0.88909432271476318554 
0.00000000099999999996 0.04651624681171409592 0.00000000099999999996 0.00000000099999999996 0.00000000099999999996 0.95348374918828593394 
0.00000000099999999988 0.99999999500000003039 0.00000000099999999988 0.00000000099999999988 0.00000000099999999988 0.00000000099999999988 
0.00000000099999999995 0.99999999500000003039 0.00000000099999999995 0.00000000099999999995 0.00000000099999999995 0.00000000099999999995 
0.00000000099999999992 0.06290727477470181572 0.00000000099999999992 0.00000000099999999992 0.00000000099999999992 0.93709272122529829741 
0.00000000099999999991 0.50954963178890666509 0.00000000099999999991 0.49045036421109339253 0.00000000099999999991 0.00000000099999999991 
0.00000000099999999999 0.11160467368839431523 0.00277382107534265713 0.83026402480480721024 0.05535747843145581021 0.00000000099999999999 
0.00000000099999999998 0.02282425433965526787 0.00446478320966494334 0.00000000099999999998 0.00000000099999999998 0.97271095945067975741 
0.00000000099999999994 0.14955533388320838006 0.00000000099999999994 0.85044466211679148326 0.00000000099999999994 0.00000000099999999994 
0.00000000099999999998 0.06421191346917501375 0.01501789297689662232 0.00000000099999999998 0.00000000099999999998 0.92077019055392828051 
0.00000000099999999991 0.99999999500000003039 0.00000000099999999991 0.00000000099999999991 0.00000000099999999991 0.00000000099999999991 
0.00000000100000000000 0.05491065433897100723 0.00017785013653761277 0.00000000100000000000 0.02270821083947900318 0.92220328268501228219 
0.00000000099999999996 0.09437688962367943302 0.00000000099999999996 0.00000000099999999996 0.00000000099999999996 0.90562310637632059684 
0.00000000099999999993 0.99999999500000014141 0.00000000099999999993 0.00000000099999999993 0.00000000099999999993 0.00000000099999999993 
0.00000000099999999997 0.59384753637874676535 0.00000000099999999997 0.40157324676164701804 0.00000000099999999997 0.00457921385960624160 
0.00000000099999999997 0.00003078560390272591 0.00000000099999999997 0.06629235954987154622 0.01267697468785043517 0.92099987815837525140 
0.00000000099999999994 0.00000000099999999994 0.00000000099999999994 0.59807526703512536859 0.00000000099999999994 0.40192472896487452250 
0.00000000099999999999 0.05774877575443938121 0.00000000099999999999 0.00000010165790536142 0.00000000099999999999 0.94225111958765517262 
0.00000000099999999989 0.99999999500000014141 0.00000000099999999989 0.00000000099999999989 0.00000000099999999989 0.00000000099999999989 
0.99999999500000014141 0.00000000099999999983 0.00000000099999999983 0.00000000099999999983 0.00000000099999999983 0.00000000099999999983 
0.00000000099999999999 0.00000000099999999999 0.00000000099999999999 0.10259940196473241181 0.01483545012018789612 0.88256514491507964681 
0.00000000099999999997 0.13252763637365203020 0.00000000099999999997 0.00000000099999999997 0.00000000099999999997 0.86747235962634794415 
0.99999999500000014141 0.00000000099999999990 0.00000000099999999990 0.00000000099999999990 0.00000000099999999990 0.00000000099999999990 
0.99999999500000003039 0.00000000099999999990 0.00000000099999999990 0.00000000099999999990 0.00000000099999999990 0.00000000099999999990 
0.00000000099999999995 0.00000191750460821101 0.00000000099999999995 0.97531615041989216941 0.02468192907549970547 0.00000000099999999995 
0.00000000099999999997 0.00000000099999999997 0.00000000099999999997 0.08196231326448477628 0.00000000099999999997 0.91803768273551522583 
0.00000000099999999998 0.09529700342490209086 0.00851335547861915495 0.00000000099999999998 0.00000000099999999998 0.89618963809647866903 
0.00000000099999999995 0.00004686406550496030 0.00000000099999999995 0.93420211998867408454 0.03679098550562978631 0.02896002844019128150 
0.00027393473299450384 0.00000000099999999995 0.00000000099999999995 0.00000000099999999995 0.62343345475796518862 0.37629260750904031108 
0.00000000099999999997 0.00000000099999999997 0.00000000099999999997 0.99999999499999991937 0.00000000099999999997 0.00000000099999999997 
0.01371037539250456738 0.23960208676489971880 0.00794543645566611265 0.17971141304549625994 0.02175636154485416709 0.53727432679657916026 
0.00000000099999999997 0.00000000099999999997 0.00000000099999999997 0.06885493567283980376 0.00000000099999999997 0.93114506032716015671 
0.00000000099999999997 0.06620190541369637416 0.00000000099999999997 0.42946824954457496482 0.01648441188417381145 0.48784543115755490961 
0.76588770328166011492 0.00000000099999999999 0.12446011018250555114 0.08167720010677201325 0.00000000099999999999 0.02797498442906231134 
0.00701463108186025242 0.48614214305352715373 0.00000000099999999999 0.50684322286461258589 0.00000000099999999999 0.00000000099999999999 
0.00000000100000000000 0.63979613259632273081 0.02465970119637687225 0.30550419285148167070 0.02993981159952082208 0.00010016075629788486 
0.24257347750527677444 0.00000000099999999999 0.67806189313759146486 0.01253053738137530418 0.00000000099999999999 0.06683408997575651656 
0.00003318153087890219 0.05102035824465178671 0.00000000099999999998 0.00000000099999999998 0.00000000099999999998 0.94894645722446924196 
0.00000000099999999993 0.00000000099999999993 0.00000000099999999993 0.99999999500000003039 0.00000000099999999993 0.00000000099999999993 
0.03683246819766768099 0.05161040403826049061 0.00046812498091674642 0.00000000100000000000 0.24391556782511331081 0.66717343395804173944 
0.03707079422761779680 0.05120962439294912683 0.00000000099999999999 0.42799895333953263954 0.00000000099999999999 0.48372062603990034768 
0.00000000099999999994 0.00000000099999999994 0.00000000099999999994 0.03465850929065283220 0.00000000099999999994 0.96534148670934716296 
0.99998546377320185474 0.00000000099999999995 0.00001453222679814212 0.00000000099999999995 0.00000000099999999995 0.00000000099999999995 
0.00000000099999999992 0.07041234137686300243 0.00000000099999999992 0.92958765462313697192 0.00000000099999999992 0.00000000099999999992 
0.03275523250386044166 0.00000000100000000000 0.78512703208313139314 0.00000020856113266811 0.01270197071915648429 0.16941555513271905342 
0.00921953591751662610 0.22928540473771968911 0.00000000100000000000 0.65913817374549188433 0.04808682838052908554 0.05427005621874277097 
0.00000000099999999993 0.00000000099999999993 0.00000000099999999993 0.08536923190656738047 0.00000000099999999993 0.91463076409343258000 
0.99999999500000014141 0.00000000099999999982 0.00000000099999999982 0.00000000099999999982 0.00000000099999999982 0.00000000099999999982 
0.00000000099999999995 0.00000000099999999995 0.00000000099999999995 0.09438881099095289273 0.00000000099999999995 0.90561118500904702611 
0.08598175958337722635 0.00000000099999999993 0.91401823641662272024 0.00000000099999999993 0.00000000099999999993 0.00000000099999999993 
0.00000000099999999994 0.00000000099999999994 0.00000000099999999994 0.00000000099999999994 0.59209673231607751198 0.40790326368392249012 
0.76258372199614377074 0.00000000099999999999 0.01301618563066291555 0.01333192618479681416 0.00000000099999999999 0.21106816418839655092 
0.00000000099999999991 0.00000000099999999991 0.00000000099999999991 0.99999999499999991937 0.00000000099999999991 0.00000000099999999991 
0.00000000099999999997 0.00000000099999999997 0.00000000099999999997 0.05624758112108842190 0.00000000099999999997 0.94375241487891170511 
0.00060957710155687796 0.00000000099999999999 0.00724019572229401328 0.03047817462786350448 0.05121051927251141223 0.91046153227577419909 
0.99999999500000014141 0.00000000099999999978 0.00000000099999999978 0.00000000099999999978 0.00000000099999999978 0.00000000099999999978 
0.00000012068168243548 0.17335466120088624531 0.00000000099999999999 0.82662743550111494883 0.00000000099999999999 0.00001778061631635272 
0.02005612086236873912 0.47059514289226023198 0.00036710624235493714 0.45655363675771298837 0.00000000100000000000 0.05242799224530309693 
0.99999999500000003039 0.00000000099999999994 0.00000000099999999994 0.00000000099999999994 0.00000000099999999994 0.00000000099999999994 
0.00000000099999999996 0.00000000099999999996 0.00000000099999999996 0.02700649775809953884 0.00000000099999999996 0.97299349824190051184 
0.13751405004727132453 0.00000000100000000000 0.78847281214865250210 0.00000001008730525819 0.01204854596351744890 0.06196458075325358278 
0.00000000099999999999 0.00000000099999999999 0.00000000099999999999 0.08294615012699374512 0.00000000099999999999 0.91705384587300631249 
0.00000000099999999998 0.00000000099999999998 0.00000000099999999998 0.14455620437966190672 0.00117549945156048951 0.85426829316877761489 
0.94761892801625990934 0.00000000099999999995 0.00000000099999999995 0.00000000099999999995 0.00000000099999999995 0.05238106798374015521 
0.00000000099999999999 0.00000000099999999999 0.00000000099999999999 0.25165018909364228472 0.04113955242375609556 0.70721025548260163518 
0.04696260953225330631 0.05099217090537758179 0.00873557233365205264 0.24876690133656600978 0.00000000099999999999 0.64454274489215102051 
0.05667340731680958754 0.00000000099999999992 0.94332658868319041456 0.00000000099999999992 0.00000000099999999992 0.00000000099999999992 
0.01303035902681281936 0.00000000099999999998 0.00000000099999999998 0.12030225716857320672 0.00000000099999999998 0.86666738080461402927 
