0.99999999699999997382 0.00000000099999999990 0.00000000099999999990 0.00000000099999999990 
0.00000000099999999999 0.91420303688310200485 0.08579691124829459670 0.00000005086860330333 
0.00000000099999999998 0.02744276197043193227 0.93259303498291079570 0.03996420204665733500 
0.00000000099999999999 0.37693738888922617702 0.00000000099999999999 0.62306260911077382403 
0.00000000099999999999 0.06871403164569385436 0.91047574174525247592 0.02081022560905353147 
0.00000083507181488313 0.49607072313328609559 0.00000000100000000000 0.50392844079489895748 
0.00578070241696752255 0.07965091527811236916 0.91453460648569007141 0.00003377581923013003 
0.25704623658937642006 0.34643290470819065874 0.20177540817679268104 0.19474545052564021241 
0.00705479232895920346 0.01325759238088892664 0.92954279243506365837 0.05014482285508822801 
0.00588520340691857900 0.00000073527154040012 0.99304334899973878414 0.00107071232180218638 
0.00000000099999999999 0.00025433635775462852 0.95910024284725003962 0.04064541979499536328 
0.88941450695866153264 0.01026859571676433554 0.09940287186962103172 0.00091402545495316038 
0.98482891644293946154 0.01517108155706056900 0.00000000099999999999 0.00000000099999999999 
0.00000000099999999999 0.07171335572545425863 0.92005363991547273184 0.00823300335907307078 
0.00518692017681969802 0.99011522601584689429 0.00469785280733326857 0.00000000099999999999 
0.02352261209562461416 0.40946221559851275762 0.00000000099999999998 0.56701517130586265303 
0.00203170774800839199 0.99796829025199162988 0.00000000099999999999 0.00000000099999999999 
0.00000000099999999998 0.99605718100314022401 0.00394281699685987072 0.00000000099999999998 
0.99999999700000008485 0.00000000099999999988 0.00000000099999999988 0.00000000099999999988 
0.00000000099999999998 0.99994211084560780112 0.00005788715439222009 0.00000000099999999998 
0.99999999699999997382 0.00000000099999999985 0.00000000099999999985 0.00000000099999999985 
0.00000000099999999997 0.00000000099999999997 0.99999985859912965402 0.00000013940087033968 
0.00000000099999999997 0.97252579320353538250 0.00000610858675602295 0.02746809720970871255 
0.99999999699999997382 0.00000000099999999998 0.00000000099999999998 0.00000000099999999998 
0.00000000099999999999 0.04020504730681698918 0.93408367548221271637 0.02571127621097040253 
0.06671800690662232913 0.39929670813434792187 0.00000000099999999999 0.53398528395902966626 
0.00000000099999999999 0.99999843169334157178 0.00000156630665842808 0.00000000099999999999 
0.00000000099999999998 0.03732417728173800797 0.96264449013195085847 0.00003133158631108432 
0.99999999699999997382 0.00000000099999999986 0.00000000099999999986 0.00000000099999999986 
0.00000000099999999999 0.52159136522765825461 0.45152916129007858448 0.02687947248226319266 
0.00000000100000000000 0.57772344699956457159 0.39204207984989020153 0.03023447215054526904 
0.85967124761774282860 0.12894492674992058534 0.00000000099999999999 0.01138382463233668374 
0.00000000099999999997 0.04666749613287190374 0.95333250186712803487 0.00000000099999999997 
0.99999999700000008485 0.00000000099999999991 0.00000000099999999991 0.00000000099999999991 
0.00000000099999999998 0.97647633654979149043 0.02352366145020845511 0.00000000099999999998 
0.99999999699999997382 0.00000000099999999988 0.00000000099999999988 0.00000000099999999988 
0.00000000100000000000 0.47595820382792386471 0.48967147888584006132 0.03437031628623591489 
0.00000000099999999997 0.00000000099999999997 0.99999999699999986280 0.00000000099999999997 
0.00562770192955377568 0.50027603487041638619 0.00000000100000000000 0.49409626220002983432 
0.00000000099999999999 0.00006015824975212470 0.99546573483798017623 0.00447410591226771268 
0.00425515089866541126 0.40977419972556639038 0.00000000099999999998 0.58597064837576828822 
0.00000000099999999998 0.95112656962848862729 0.04887331589090568307 0.00000011348060569229 
0.00000000099999999991 0.00000000099999999991 0.00000000099999999991 0.99999999699999997382 
0.00143044007184639933 0.88155706407415201920 0.09051211921330111487 0.02650037664070042584 
0.00000000099999999999 0.97674552561985483745 0.00000000193069098048 0.02325447144945428854 
0.00000000099999999998 0.97605891894507823547 0.02394107905492183150 0.00000000099999999998 
0.99999999700000008485 0.00000000099999999985 0.00000000099999999985 0.00000000099999999985 
0.99999999699999997382 0.00000000099999999991 0.00000000099999999991 0.00000000099999999991 
0.99999999699999997382 0.00000000099999999989 0.00000000099999999989 0.00000000099999999989 
0.00000000099999999987 0.00000000099999999987 0.00000000099999999987 0.99999999699999997382 
0.00000000099999999988 0.00000000099999999988 0.00000000099999999988 0.99999999699999997382 
0.00000000099999999988 0.00000000099999999988 0.00000000099999999988 0.99999999700000008485 
0.99999999700000008485 0.00000000099999999986 0.00000000099999999986 0.00000000099999999986 
0.83477896500735460084 0.14411382344440992753 0.00000000099999999999 0.02110721054823543053 
0.00000000099999999999 0.99520334693570200457 0.00105836797332717380 0.00373828409097084601 
0.00000000099999999987 0.00000000099999999987 0.00000000099999999987 0.99999999700000008485 
0.99999999699999997382 0.00000000099999999987 0.00000000099999999987 0.00000000099999999987 
0.85988624154830251012 0.09735691460748928383 0.01265807009929105151 0.03009877374491711638 
0.00000000099999999990 0.00000000099999999990 0.00000000099999999990 0.99999999700000008485 
0.99999999700000008485 0.00000000099999999991 0.00000000099999999991 0.00000000099999999991 
0.99999999700000008485 0.00000000099999999993 0.00000000099999999993 0.00000000099999999993 
0.98180663887249797206 0.01819335912750204287 0.00000000099999999998 0.00000000099999999998 
0.83936051447136905690 0.16061518317405160117 0.00000000099999999999 0.00002430135457930301 
0.00000000099999999988 0.00000000099999999988 0.00000000099999999988 0.99999999699999997382 
0.89206905871669850416 0.10793093928330152464 0.00000000099999999999 0.00000000099999999999 
0.00000000099999999988 0.00000000099999999988 0.00000000099999999988 0.99999999699999997382 
0.84932245907566683574 0.10458200051117372276 0.00742489244824207084 0.03867064796491737760 
0.85011744370303454765 0.11710500561040725065 0.02048796942503539054 0.01228958126152283892 
0.86103991853041983440 0.09087538147415089029 0.04461035825763003809 0.00347434173779923505 
0.99999999700000008485 0.00000000099999999988 0.00000000099999999988 0.00000000099999999988 
0.99999999700000008485 0.00000000099999999987 0.00000000099999999987 0.00000000099999999987 
0.00000000099999999998 0.39951164408642109160 0.00000000099999999998 0.60048835391357879843 
0.85785427076444731309 0.05599014262329649744 0.00000004001204930318 0.08615554660020681432 
0.99999999700000008485 0.00000000099999999987 0.00000000099999999987 0.00000000099999999987 
0.85320511285381728239 0.12990474429930082279 0.01648574946538332309 0.00040439338149872347 
0.86723541071759102650 0.11329808775418492850 0.01237750014763459167 0.00708900138058941691 
0.83144136286290637461 0.10137167244985076375 0.06718696368724279278 0.00000000099999999999 
0.81648446335784974348 0.16892192835250582905 0.01459360329953932577 0.00000000499010511745 
0.99999999700000008485 0.00000000099999999986 0.00000000099999999986 0.00000000099999999986 
0.00000000099999999995 0.00000000099999999995 0.99999999699999997382 0.00000000099999999995 
0.00000000099999999997 0.00004844352155483124 0.99995155447844519259 0.00000000099999999997 
0.00000000099999999998 0.97627564773663133568 0.02372435026336856823 0.00000000099999999998 
0.00000000099999999996 0.00000054665347814160 0.98443870953697665271 0.01556074280954538626 
0.00000000099999999999 0.94496901370306418677 0.05492032875029966704 0.00011065654663617313 
0.00000000099999999995 0.99999999700000008485 0.00000000099999999995 0.00000000099999999995 
0.00000000099999999997 0.00000000099999999997 0.99708579476939673825 0.00291420323060324719 
0.00000000099999999998 0.01175971113358333965 0.98823659820395615139 0.00000368966246053066 
0.00000000099999999997 0.00000000099999999997 0.98158848554336841641 0.01841151245663153607 
0.00000000099999999998 0.99974944095299167479 0.00025055704700836475 0.00000000099999999998 
0.00000000099999999996 0.00000000099999999996 0.99938951520991659017 0.00061048279008344027 
0.00000000099999999995 0.00000000099999999995 0.99999999699999986280 0.00000000099999999995 
0.00000000099999999995 0.00000000099999999995 0.99246200808185169873 0.00753798991814824682 
0.00000000099999999996 0.00000000099999999996 0.99466119541885678057 0.00533880258114314849 
0.00000000099999999997 0.00000000099999999997 0.98588027333018279919 0.01411972466981711860 
0.00000000099999999997 0.00000000099999999997 0.99999999699999997382 0.00000000099999999997 
0.00000000099999999996 0.00000000099999999996 0.98259845867518602613 0.01740153932481380492 
0.00000000099999999995 0.00000000099999999995 0.99999999699999986280 0.00000000099999999995 
0.01004507771173735430 0.00000000099999999999 0.98906487263398346066 0.00089004865427929898 
0.00000000099999999998 0.99580265923896271740 0.00418777681117555537 0.00000956294986182964 
0.00000000099999999996 0.00000000099999999996 0.98258694524527223635 0.01741305275472768838 
0.00000000099999999998 0.96801252141817861752 0.03198747658182139741 0.00000000099999999998 
0.00000000099999999995 0.00000000099999999995 0.99999999699999986280 0.00000000099999999995 
0.01839724162977336014 0.93609579271513498888 0.04550694968269467650 0.00000001597239693113 
0.00000000099999999997 0.00583512696038113610 0.99416487103961870275 0.00000000099999999997 
0.00000000099999999997 0.46945841458675224844 0.53053200475395878577 0.00000957965928880725 
0.00000000099999999999 0.99774723033531742544 0.00000000099999999999 0.00225276766468268620 
0.00000000099999999994 0.00000000099999999994 0.99999999699999997382 0.00000000099999999994 
0.00000000099999999998 0.00000000099999999998 0.99999999699999986280 0.00000000099999999998 
0.00000000099999999998 0.01642091142268849863 0.97746568509451370321 0.00611340248279778134 
0.00000000099999999996 0.76034576827986866121 0.23965422972013131209 0.00000000099999999996 
0.00000000099999999996 0.97880094374741200003 0.02119905425258807735 0.00000000099999999996 
0.00000000099999999996 0.00000474194911084092 0.99999525605088923630 0.00000000099999999996 
0.00000000099999999997 0.00000001624751685049 0.99999998175248305810 0.00000000099999999997 
0.00000000099999999999 0.99999833983248442859 0.00000165816751563433 0.00000000099999999999 
0.00000000099999999998 0.48881163075567318765 0.51118836644997422969 0.00000000179435239098 
0.00000000099999999996 0.44755689673629989178 0.00000000099999999996 0.55244310126369999825 
0.00000000099999999999 0.01152127592332518290 0.98436944820234351106 0.00410927487433124673 
0.00000000099999999997 0.95978917758019510753 0.04021082041980481719 0.00000000099999999997 
0.00000000099999999988 0.00000000099999999988 0.00000000099999999988 0.99999999699999997382 
0.00000000099999999999 0.96161140785164378464 0.00000140341588579646 0.03838718773247051103 
0.00000000099999999998 0.97661207127883109536 0.01247304762269648218 0.01091488009847256004 
0.00000000099999999996 0.00000000099999999996 0.95719405961054304655 0.04280593838945676022 
0.00000000099999999999 0.97950846356210041765 0.02040488216958835990 0.00008665326831111939 
0.00000000099999999998 0.00000000099999999998 0.94560730887625932262 0.05439268912374050496 
0.00000000099999999996 0.99993506571916512815 0.00006493228083483463 0.00000000099999999996 
0.00000000099999999997 0.46659797387329615681 0.00000000099999999997 0.53340202412670378873 
0.00000000099999999999 0.97413190943816574396 0.00000000099999999999 0.02586808856183425709 
0.00000000099999999996 0.01629777463513800220 0.98370222336486201620 0.00000000099999999996 
0.00000000099999999997 0.99999999700000008485 0.00000000099999999997 0.00000000099999999997 
0.00000000099999999996 0.95490775961096019397 0.04509223838903992504 0.00000000099999999996 
0.00000000099999999999 0.93771008058722460365 0.06228991741277532107 0.00000000099999999999 
0.00000000099999999997 0.99999999699999997382 0.00000000099999999997 0.00000000099999999997 
0.00000000099999999996 0.02793560980119638021 0.97206436396565210067 0.00000002523315152309 
0.00000000101707712360 0.01874568962661830179 0.96876235093242579755 0.01249195842387882879 
0.00000000099999999996 0.99999999700000008485 0.00000000099999999996 0.00000000099999999996 
0.00000000099999999995 0.00000000099999999995 0.99999999699999986280 0.00000000099999999995 
0.01001927744651408270 0.00000000100000000000 0.92484357785092119464 0.06513714370256477870 
0.00000000106491904469 0.99999999693508090370 0.00000000099999999998 0.00000000099999999998 
0.00000000099999999997 0.00592882258116623085 0.99285075840803871383 0.00122041801079519723 
0.00000011073779847892 0.99918251506148214602 0.00078868771338256021 0.00002868648733681812 
0.00000000099999999997 0.00000547730896807587 0.99999452069103189622 0.00000000099999999997 
0.00003465340135315433 0.95628694617767295849 0.00823991991103067631 0.03543848050994327648 
0.00000000099999999998 0.96068702155016272304 0.03931297644983728495 0.00000000099999999998 
0.00000000099999999998 0.01169788412277998971 0.98522832700282447771 0.00307378787439548974 
0.00000000099999999998 0.01867212574261655628 0.98115281779425755904 0.00017505546312579612 
0.00000000099999999998 0.96386301126814466489 0.02756624914927279998 0.00857073858258260157 
0.00000000099999999997 0.43570109100222498277 0.56429890699777507379 0.00000000099999999997 
0.00000000099999999999 0.97244932596964039906 0.02755067203035964016 0.00000000099999999999 
0.00000000099999999996 0.00449315685452282738 0.99550684114547705050 0.00000000099999999996 
0.99999999700000008485 0.00000000099999999988 0.00000000099999999988 0.00000000099999999988 
0.00000003540740579457 0.91710412373042138334 0.04099784279048571817 0.04189799807168713419 
0.00000000099999999999 0.91722575304943365637 0.08277424495056635856 0.00000000099999999999 
0.99999999700000008485 0.00000000099999999993 0.00000000099999999993 0.00000000099999999993 
0.99999999699999997382 0.00000000099999999994 0.00000000099999999994 0.00000000099999999994 
0.00000000099999999998 0.00019764741775010495 0.97064691405636804866 0.02915543752588175760 
0.00000000099999999998 0.97094463579917822393 0.02905462023258827478 0.00000074296823359424 
0.00003211764275526442 0.94267119465004101109 0.05729668670720355211 0.00000000099999999999 
0.00000000099999999999 0.04944275403890598802 0.89530142587054750702 0.05525581909054637364 
0.00045756954544216101 0.37664738392853464033 0.00000000099999999998 0.62289504552602303900 
0.00000001751430053690 0.02076843049757155432 0.92802015807192705932 0.05121139391620087994 
0.02132414435258411095 0.56163235549121193202 0.39612046687424373737 0.02092303328196025436 
0.00000000099999999998 0.98009650863212860461 0.01990348936787129930 0.00000000099999999998 
0.00000000099999999998 0.51057588132088593813 0.46710816674053540209 0.02231595093857868112 
0.88090446936838040504 0.03700590528018585235 0.08208962435143368763 0.00000000099999999999 
0.00986224203526259169 0.00000002847522790329 0.99006743715082567991 0.00007029233868377841 
0.02256865518699020801 0.01126899116975012445 0.93677573811104852819 0.02938661553221109599 
0.81226806941738916024 0.14215563400476097233 0.04557629557784975000 0.00000000099999999999 
0.00000001253366011310 0.97735968820706409232 0.02264029825927581924 0.00000000099999999999 
0.00000000099999999999 0.00603231956252968902 0.94800358403213924596 0.04596409540533114013 
0.03772913150301110408 0.70405075967566987938 0.00243941466085544198 0.25578069416046356199 
0.03905098693908119062 0.50606125828761083785 0.45488775377330786798 0.00000000099999999999 
0.00000000099999999996 0.99999999700000008485 0.00000000099999999996 0.00000000099999999996 
0.99999999700000008485 0.00000000099999999995 0.00000000099999999995 0.00000000099999999995 
0.00000000099999999998 0.00000000099999999998 0.99999985656800371991 0.00000014143199621467 
0.68429602901999597719 0.25034070903607075209 0.02559759765888396099 0.03976566428504922646 
0.01061599251118469124 0.06252106021042443118 0.86612587263183238306 0.06073707464655840604 
0.00000000099999999996 0.94929791678323749426 0.05070208121676255536 0.00000000099999999996 
0.99999999699999997382 0.00000000099999999989 0.00000000099999999989 0.00000000099999999989 
0.00000000099999999998 0.94982376497882947675 0.05017623302117056594 0.00000000099999999998 
0.84881825484759187983 0.12859268948541235922 0.00000000100000000000 0.02258905466699570250 
0.00000000099999999997 0.40892938228451103377 0.00000000099999999997 0.59107061571548891177 
0.78219464196301846659 0.21780511396701790483 0.00000008123363496600 0.00000016283632876949 
0.00000000099999999998 0.00102705051928705807 0.99892859956387503040 0.00004434891683800718 
0.00000000099999999998 0.99970982819380382889 0.00015207777513034343 0.00013809303106584978 
0.00396825809355594306 0.94503403003844022034 0.00000000100000000000 0.05099771086800388570 
0.99999999700000008485 0.00000000099999999986 0.00000000099999999986 0.00000000099999999986 
0.00002352606883286418 0.01838048850379927698 0.98157383132492082023 0.00002215410244699736 
0.02096087972033044630 0.06124995062748615077 0.91778916865218351795 0.00000000099999999999 
0.99999999700000008485 0.00000000099999999995 0.00000000099999999995 0.00000000099999999995 
0.00000000099999999997 0.99999999700000008485 0.00000000099999999997 0.00000000099999999997 
0.76616251609030183722 0.19356322048123392188 0.00365480111469955460 0.03661946231376469324 
0.00000000100000000000 0.95084931340040823589 0.04828260356033885203 0.00086808203925288409 
0.00000000099999999999 0.91423817830044973309 0.04885898177299444894 0.03690283892655576992 
0.94876159573109242196 0.05123840226890762073 0.00000000099999999997 0.00000000099999999997 
0.00000000100000000000 0.76048144546906282226 0.18324328722550842219 0.05627526630542869363 
0.05720151333555489881 0.67601522465995633748 0.26678326100448873648 0.00000000099999999999 
0.86879192583300157704 0.06375695131140582395 0.06066057050677632623 0.00679055234881635866 
0.00776268222628032946 0.92986379717084055585 0.05842203136067349728 0.00395148924220573190 
