0.00000000099999999986 0.99999999600000000211 0.00000000099999999986 0.00000000099999999986 0.00000000099999999986 
0.91328297856009710287 0.00000000099999999999 0.01238968765533659047 0.07432733178456613077 0.00000000099999999999 
0.01952663691884209615 0.00000000099999999998 0.02538442528200389459 0.92143802079581915709 0.03365091600333493249 
0.00000000099999999995 0.00000000099999999995 0.99999999599999989108 0.00000000099999999995 0.00000000099999999995 
0.07260211271835487201 0.00000000099999999999 0.00000000099999999999 0.87890777951651033462 0.04849010576513491239 
0.17979727599204334276 0.00000000099999999999 0.74169572262929472917 0.00000515441543440083 0.07850184596322744290 
0.08323069867135460265 0.00643307872723201946 0.00000019161892092444 0.90174966188450988991 0.00858636909798263410 
0.19900171101171190702 0.24834739852767939716 0.30483295154107670211 0.24776898957812146240 0.00004894934141058503 
0.01037290849926320729 0.00643290751367486206 0.01881170899893480977 0.90750701139968670272 0.05687546358844042943 
0.00000527910079946749 0.00644866764272414988 0.00198009108632066612 0.98055251248251085183 0.01101344968764485059 
0.00000222455678553391 0.00000000099999999999 0.05080659826677407648 0.94914687412114984166 0.00004430205529052371 
0.00000314945732150827 0.87724228366585377259 0.05448902613514134546 0.06826553974168339534 0.00000000100000000000 
0.01710835888120646603 0.98289163811879354249 0.00000000099999999998 0.00000000099999999998 0.00000000099999999998 
0.05712553588813715916 0.00000000099999999998 0.02858410846172667469 0.91429035365013600067 0.00000000099999999998 
0.98925197132343967166 0.00908399036095634653 0.00165332719713459316 0.00001071011846935922 0.00000000099999999999 
0.00000000099999999986 0.00000000099999999986 0.99999999600000000211 0.00000000099999999986 0.00000000099999999986 
0.98401661934801276654 0.00371879260149385197 0.01226458605049333440 0.00000000099999999998 0.00000000099999999998 
0.99999801949518996036 0.00000000099999999997 0.00000174295232386456 0.00000023555248617783 0.00000000099999999997 
0.00000000099999999985 0.99999999600000011313 0.00000000099999999985 0.00000000099999999985 0.00000000099999999985 
0.99999999600000011313 0.00000000099999999998 0.00000000099999999998 0.00000000099999999998 0.00000000099999999998 
0.00000000099999999980 0.99999999600000000211 0.00000000099999999980 0.00000000099999999980 0.00000000099999999980 
0.00000000099999999997 0.00000000099999999997 0.00240413837385303197 0.99759582334714902441 0.00000003627899796700 
0.93886314751778165988 0.00000000099999999996 0.06113684948221841109 0.00000000099999999996 0.00000000099999999996 
0.00000000099999999997 0.99999999600000011313 0.00000000099999999997 0.00000000099999999997 0.00000000099999999997 
0.04335501727536120870 0.00000000099999999998 0.00000000099999999998 0.91397284943220102882 0.04267213129243777048 
0.00000000099999999996 0.00000000099999999996 0.99999999600000000211 0.00000000099999999996 0.00000000099999999996 
0.97993504288398025626 0.00000000099999999998 0.02006495411601981124 0.00000000099999999998 0.00000000099999999998 
0.00000000099999999997 0.00000000099999999997 0.04950428332153159611 0.95049571367846830139 0.00000000099999999997 
0.00000000099999999983 0.99999999600000000211 0.00000000099999999983 0.00000000099999999983 0.00000000099999999983 
0.52903166609830909461 0.00000000099999999999 0.00000000152623439117 0.43015434710141919883 0.04081398427403731127 
0.58514579206800065858 0.00000000100000000000 0.00025257439483337225 0.37446635185465143580 0.04013528068251463049 
0.12794991809910088998 0.85972170781244361404 0.00000479674076150470 0.00000000099999999999 0.01232357634769392328 
0.05092408384036716668 0.00000000099999999997 0.00000000099999999997 0.94907506200768187998 0.00000085215195095967 
0.00000000099999999988 0.99999999600000000211 0.00000000099999999988 0.00000000099999999988 0.00000000099999999988 
0.99284688424360711956 0.00000000099999999998 0.00036918345425291125 0.00678393030213991603 0.00000000099999999998 
0.00000000099999999984 0.99999999600000011313 0.00000000099999999984 0.00000000099999999984 0.00000000099999999984 
0.48010809742926918720 0.00000000099999999999 0.01564548561339217797 0.47425370270018135654 0.02999271325715712616 
0.00000000099999999996 0.00000000099999999996 0.00000000099999999996 0.99999929488425687296 0.00000070211574315913 
0.00000000099999999997 0.00000000099999999997 0.99999999599999989108 0.00000000099999999997 0.00000000099999999997 
0.00008122425601837610 0.00000000099999999999 0.01330182992874676291 0.98506588434865050008 0.00155106046658428048 
0.00000000099999999987 0.00000000099999999987 0.99999999600000000211 0.00000000099999999987 0.00000000099999999987 
0.95956222528461110333 0.00000000099999999998 0.00112023497702636791 0.03757268897142284486 0.00174484976693959899 
0.00000000099999999987 0.00000000099999999987 0.00000000099999999987 0.00000000099999999987 0.99999999600000000211 
0.85399644828784870842 0.00097609323807361164 0.05415043781573038867 0.08666330215259125669 0.00421371850575600303 
0.95207133918581110521 0.00000000099999999999 0.04730707615303955671 0.00000000099999999999 0.00062158266114937383 
0.95691652543989214053 0.00000000099999999998 0.02933827182279581322 0.01374520073731206292 0.00000000099999999998 
0.00000000099999999981 0.99999999600000011313 0.00000000099999999981 0.00000000099999999981 0.00000000099999999981 
0.00000000099999999989 0.99999999600000011313 0.00000000099999999989 0.00000000099999999989 0.00000000099999999989 
0.00000000099999999986 0.99999999600000011313 0.00000000099999999986 0.00000000099999999986 0.00000000099999999986 
0.00000000099999999981 0.00000000099999999981 0.00000000099999999981 0.00000000099999999981 0.99999999600000000211 
0.00000000099999999983 0.00000000099999999983 0.00000000099999999983 0.00000000099999999983 0.99999999600000000211 
0.00000000099999999983 0.00000000099999999983 0.00000000099999999983 0.00000000099999999983 0.99999999599999989108 
0.00000000099999999983 0.99999999600000000211 0.00000000099999999983 0.00000000099999999983 0.00000000099999999983 
0.13878710963728482786 0.83511250670167336274 0.00467751181852976879 0.00000000099999999999 0.02142287084251205675 
0.99336801662448159789 0.00000000099999999998 0.00000000099999999998 0.00000000099999999998 0.00663198037551846527 
0.00000000099999999984 0.00000000099999999984 0.00000000099999999984 0.00000000099999999984 0.99999999599999989108 
0.00000000099999999984 0.99999999600000000211 0.00000000099999999984 0.00000000099999999984 0.00000000099999999984 
0.08199195474911838422 0.85993179049790935409 0.02707775079745348978 0.01289155453784766869 0.01810694941767121077 
0.00000000099999999985 0.00000000099999999985 0.00000000099999999985 0.00000000099999999985 0.99999999599999989108 
0.00000000099999999988 0.99999999600000011313 0.00000000099999999988 0.00000000099999999988 0.00000000099999999988 
0.00000000099999999991 0.99999999600000000211 0.00000000099999999991 0.00000000099999999991 0.00000000099999999991 
0.01758002889380882311 0.98234732973695593206 0.00007263936923529328 0.00000000099999999998 0.00000000099999999998 
0.11531257091393395942 0.83529663091541406228 0.04939079617065199324 0.00000000099999999998 0.00000000099999999998 
0.00000000099999999985 0.00000000099999999985 0.00000000099999999985 0.00000000099999999985 0.99999999600000000211 
0.10701930167262456439 0.89297426732609896938 0.00000642900127653171 0.00000000099999999999 0.00000000099999999999 
0.00000000099999999982 0.00000000099999999982 0.00000000099999999982 0.00000000099999999982 0.99999999600000000211 
0.09892285608374831729 0.84938101421715184181 0.01322819810372809386 0.00682559200384629840 0.03164233959152550069 
0.11572869727153309305 0.85053445094299140461 0.00301703134144393377 0.01793564606256274271 0.01278417438146874432 
0.08992850115932922439 0.85903012176882365125 0.00000000099999999999 0.02925838265658760318 0.02178299341525957028 
0.00000000099999999984 0.99999999600000011313 0.00000000099999999984 0.00000000099999999984 0.00000000099999999984 
0.00000000099999999984 0.99999999600000011313 0.00000000099999999984 0.00000000099999999984 0.00000000099999999984 
0.00000000099999999988 0.00000000099999999988 0.99999999600000000211 0.00000000099999999988 0.00000000099999999988 
0.04443284735537466473 0.86068627515530238270 0.00000000099999999999 0.00000000099999999999 0.09488087548932286341 
0.00000000099999999983 0.99999999600000011313 0.00000000099999999983 0.00000000099999999983 0.00000000099999999983 
0.13248944273391324855 0.85104179463354723278 0.00000000099999999999 0.00003425290423530960 0.01643450872830417436 
0.10757619373584455247 0.86715641146143818130 0.00000000099999999999 0.00002068711193226933 0.02524670669078500629 
0.10076298264457379805 0.83218424059000362103 0.00000005949970021947 0.06705271626572234522 0.00000000099999999999 
0.15353446997214864611 0.81483006846890548847 0.02010394709153369083 0.01153151346741228787 0.00000000100000000000 
0.00000000099999999981 0.99999999600000000211 0.00000000099999999981 0.00000000099999999981 0.00000000099999999981 
0.00000000099999999994 0.00000000099999999994 0.00000000099999999994 0.99999999599999989108 0.00000000099999999994 
0.00000000099999999997 0.00000000099999999997 0.01901700021945644525 0.98098299678054357020 0.00000000099999999997 
0.99376177582886671136 0.00000000099999999998 0.00000000099999999998 0.00623822117113333099 0.00000000099999999998 
0.00000242521707880790 0.00000000099999999996 0.00000000099999999996 0.97464380155231067349 0.02535377123061039947 
0.92133957730334847813 0.00000000099999999998 0.04110282985873815742 0.03755759083791330999 0.00000000099999999998 
0.99999999600000011313 0.00000000099999999994 0.00000000099999999994 0.00000000099999999994 0.00000000099999999994 
0.00000000099999999996 0.00000000099999999996 0.00000000099999999996 0.98257635401749943149 0.01742364298250055968 
0.00545704004175378513 0.00000000099999999998 0.01078939472592847434 0.97097563146153209601 0.01277793277078554703 
0.00000000099999999997 0.00000000099999999997 0.01337923370103892735 0.98034423908838785877 0.00627652521057329299 
0.98172083866541737240 0.00000000099999999998 0.01827915833458264305 0.00000000099999999998 0.00000000099999999998 
0.00000000099999999995 0.00000000099999999995 0.00000000099999999995 0.97319947083888436179 0.02680052616111555305 
0.00000000099999999994 0.00000000099999999994 0.00000000099999999994 0.99154239947093880669 0.00845759752906110121 
0.00000000099999999994 0.00000000099999999994 0.00000000099999999994 0.96782097883133377803 0.03217901816866633458 
0.00000000099999999996 0.00000000099999999996 0.00000306805814958598 0.99913543125300263714 0.00086149868884767924 
0.00000000099999999996 0.00000000099999999996 0.02184061220776226456 0.97815938479223774049 0.00000000099999999996 
0.00000000262301461236 0.00000000099999999997 0.00000000099999999997 0.98350196628458941284 0.01649802909239582102 
0.00000000316825988541 0.00000000099999999997 0.00074195020365824447 0.98409902929932702165 0.01515901632875483671 
0.00000000099999999994 0.00000000099999999994 0.00000000099999999994 0.99999999599999989108 0.00000000099999999994 
0.00000000099999999999 0.00652105994458668497 0.00000000099999999999 0.96016850300457445844 0.03331043505083885331 
0.99436457885760054509 0.00000000099999999998 0.00000000099999999998 0.00000000099999999998 0.00563541814239943047 
0.00000000099999999996 0.00000000099999999996 0.02949691363567522040 0.97049394970278790584 0.00000913466153678369 
0.97934872155268792859 0.00000000099999999998 0.00000000099999999998 0.02065127544731211462 0.00000000099999999998 
0.00000000099999999994 0.00000000099999999994 0.00000000099999999994 0.99999999599999989108 0.00000000099999999994 
0.93122543087711395771 0.01808575767192514491 0.02257675996992749082 0.02811205048103334117 0.00000000100000000000 
0.01033507892712265223 0.00000000099999999997 0.00000000099999999997 0.97563794844522755412 0.01402697062764973746 
0.47604054081629837425 0.00000000099999999997 0.00000000099999999997 0.51357504135783094146 0.01038441582587061769 
0.99342022890809544844 0.00000000099999999998 0.00008749304779166422 0.00000000099999999998 0.00649227604411287476 
0.00000000099999999994 0.00000000099999999994 0.00000000099999999994 0.99999999599999989108 0.00000000099999999994 
0.00000000099999999999 0.00000000099999999999 0.00048335769808992068 0.99951663930191014806 0.00000000099999999999 
0.02001152918305262179 0.00000000099999999998 0.00107116417937486207 0.96722589821560189804 0.01169140742197057915 
0.77186748576026020796 0.00000000099999999996 0.00000000099999999996 0.22813251123973973811 0.00000000099999999996 
0.99756476145983430381 0.00000000099999999997 0.00001245993178151129 0.00242277660838430189 0.00000000099999999997 
0.00040765201979712980 0.00000000099999999996 0.00000000099999999996 0.99369382791623261930 0.00589851806397023639 
0.00000278212195458377 0.00000000099999999997 0.00000000099999999997 0.99997496678043296114 0.00002224909761243489 
0.99999871552474528524 0.00000000099999999998 0.00000128147525476854 0.00000000099999999998 0.00000000099999999998 
0.49680051422073523426 0.00000000099999999997 0.00000000099999999997 0.50048662276645927705 0.00271286101280541299 
0.00000000099999999985 0.00000000099999999985 0.99999999599999989108 0.00000000099999999985 0.00000000099999999985 
0.01654737778609896223 0.00000000099999999999 0.00000000099999999999 0.96004011670518463184 0.02341250350871630290 
0.97811026794018562924 0.00000000099999999997 0.00000000099999999997 0.02188972905981430989 0.00000000099999999997 
0.00000000099999999981 0.00000000099999999981 0.00000000099999999981 0.00000000099999999981 0.99999999600000000211 
0.95411369177388871687 0.00000000099999999999 0.02498093566465516002 0.00000000099999999999 0.02090537056145625253 
0.99104936766467399689 0.00000000099999999997 0.00000000099999999997 0.00000071880231284995 0.00894991153301312112 
0.00000000099999999995 0.00000000099999999995 0.00000000099999999995 0.94063633482674013919 0.05936366217325968198 
0.97105852492843125479 0.00000000099999999999 0.02806154069941808882 0.00087993237215062687 0.00000000099999999999 
0.00000000099999999997 0.00000000099999999997 0.00000000099999999997 0.91265358928187778620 0.08734640771812221538 
0.99999999600000011313 0.00000000099999999995 0.00000000099999999995 0.00000000099999999995 0.00000000099999999995 
0.00000000099999999986 0.00000000099999999986 0.99999999599999989108 0.00000000099999999986 0.00000000099999999986 
0.93421906085537242959 0.00000000099999999999 0.06536730046542196804 0.00000000099999999999 0.00041363667920560565 
0.02220881045351654620 0.00000000099999999996 0.00000000099999999996 0.97779118654648333742 0.00000000099999999996 
0.99362392914936970012 0.00000000099999999996 0.00637606785063028151 0.00000000099999999996 0.00000000099999999996 
0.96770396365260102911 0.00000000099999999996 0.00000000099999999996 0.03229603334739902798 0.00000000099999999996 
0.95161409929544760189 0.00000000099999999998 0.00000000099999999998 0.04814165765931203989 0.00024424104524029970 
0.99983036633775546065 0.00000000099999999997 0.00016963066224445308 0.00000000099999999997 0.00000000099999999997 
0.03439464195555167608 0.00000000099999999995 0.00000000099999999995 0.95887857063876480446 0.00672678540568348755 
0.02231981135563801746 0.00000000099999999999 0.00000000099999999999 0.94855586872093433648 0.02912431792342765752 
0.99999999600000000211 0.00000000099999999995 0.00000000099999999995 0.00000000099999999995 0.00000000099999999995 
0.00000000099999999994 0.00000000099999999994 0.00000000099999999994 0.99999999599999989108 0.00000000099999999994 
0.00000000100000000000 0.01043296691572350582 0.00001264579682968369 0.91389280343005141471 0.07566158285739542355 
0.99999968547082362935 0.00000031152917636721 0.00000000099999999997 0.00000000099999999997 0.00000000099999999997 
0.00050745700088188452 0.00000000099999999997 0.01984031391589745341 0.97964110483593003220 0.00001112324729064346 
0.98137291921856872889 0.00000003230220858043 0.01862704368083190412 0.00000000379839076267 0.00000000100000000000 
0.00000000099999999996 0.00000000099999999996 0.01702676311509915275 0.98297323388490087659 0.00000000099999999996 
0.94420413387889234880 0.00001479191096014189 0.03044717451313987133 0.00000423231656335542 0.02532966738044439142 
0.97676775446187114049 0.00000000099999999998 0.00000000099999999998 0.02323031492106882034 0.00000192861706003634 
0.00923709772796614016 0.00000000099999999998 0.01349040472154331566 0.97583206635591535072 0.00144043019457507451 
0.00608785777989004698 0.00000000099999999998 0.02529380473060185638 0.96861788867036957562 0.00000044781913852067 
0.97444956866706333720 0.00000000099999999998 0.00000000099999999998 0.00314597606680333541 0.02240445326613333191 
0.44305610840776937787 0.00000000099999999997 0.00000000099999999997 0.54888176539207200744 0.00806212420015862616 
0.99270583743329898763 0.00000000099999999999 0.00018005420256973052 0.00711278271237414557 0.00000132465175723646 
0.01752966166306746745 0.00000000099999999996 0.00003953736846913634 0.98243079896846330357 0.00000000099999999996 
0.00000000099999999984 0.99999999600000011313 0.00000000099999999984 0.00000000099999999984 0.00000000099999999984 
0.92163861911858968590 0.00000000100000000000 0.01615606729131471159 0.01453856587440188752 0.04766674671569381960 
0.91641586371257655053 0.00000000099999999999 0.01590407508159552216 0.06768005920582795265 0.00000000099999999999 
0.00000000099999999991 0.99999999600000011313 0.00000000099999999991 0.00000000099999999991 0.00000000099999999991 
0.00000000099999999993 0.99513193652845466364 0.00486806047154529284 0.00000000099999999993 0.00000000099999999993 
0.00080865590429161493 0.00000000099999999998 0.00000000178567037758 0.95451849891135442938 0.04467284239868354184 
0.97726921796473520399 0.00000000099999999998 0.01123455674521355203 0.01149284887088916803 0.00000337541916202793 
0.93172022984855995542 0.00000004449601852336 0.02592425321061741367 0.04235547144480389381 0.00000000099999999999 
0.03520597042352854866 0.00000000099999999999 0.04205888310936194141 0.89438866557754326259 0.02834647988956624440 
0.00000000099999999985 0.00000000099999999985 0.99999999599999989108 0.00000000099999999985 0.00000000099999999985 
0.00000004402603593800 0.00000000099999999999 0.06257434183913294923 0.93586795330100669421 0.00155765983382449955 
0.51692409642736458775 0.02064946295010879757 0.07181833431889615704 0.39030912410900364673 0.00029898219462678972 
0.99402172715315406659 0.00000000099999999998 0.00000158826186834524 0.00597668258497758252 0.00000000099999999998 
0.50444258804020503106 0.00000000099999999998 0.02431374794835121714 0.45197578383508130173 0.01926787917636236733 
0.02022435430129372255 0.87918390181158134755 0.02396879479525429804 0.07662294809187047973 0.00000000099999999999 
0.00000000099999999999 0.00840813827555476727 0.01584098845752907048 0.97575087126691617545 0.00000000099999999999 
0.00202004580669944882 0.02094258523980715297 0.02969964580550792099 0.93672156285053964631 0.01061616029744583134 
0.14548521148361626132 0.81258460203402094191 0.00000000099999999999 0.04193017942832773237 0.00000000605403501684 
0.97974132381591316765 0.00000000099999999998 0.01825990062546958489 0.00199877355861710800 0.00000000099999999998 
0.00000000099999999997 0.00000000099999999997 0.07147344110529378625 0.92852655589470611819 0.00000000099999999997 
0.50244761126327031064 0.02317024043934928779 0.44259566626401991574 0.03178648103336028513 0.00000000099999999999 
0.51385283784010393759 0.03995947283261489652 0.00000000099999999999 0.44618768732728114612 0.00000000099999999999 
0.99973700691200506618 0.00000000099999999996 0.00026299008799504257 0.00000000099999999996 0.00000000099999999996 
0.00000000099999999993 0.99999999600000011313 0.00000000099999999993 0.00000000099999999993 0.00000000099999999993 
0.00000000099999999997 0.00000000099999999997 0.02393025897875788316 0.97606973802124219475 0.00000000099999999997 
0.21326918173849537808 0.68143000660931674073 0.06458698057806828985 0.02753479261309774509 0.01317903846102182024 
0.06163576605674754572 0.01106646927570184742 0.02007871695132027942 0.85914440040797457332 0.04807464730825560667 
0.94971670258493079420 0.00000000099999999996 0.00640843455265100500 0.04387486086241808303 0.00000000099999999996 
0.00000000099999999985 0.99999999600000011313 0.00000000099999999985 0.00000000099999999985 0.00000000099999999985 
0.96889073685261195568 0.00000000099999999998 0.00000000099999999998 0.03110857047344724874 0.00000069067394082020 
0.12481329390838487303 0.84912805667838198165 0.00073232586583779277 0.00000000099999999999 0.02532632254739545022 
0.00000000099999999985 0.00000000099999999985 0.99999999600000000211 0.00000000099999999985 0.00000000099999999985 
0.21722132991305218019 0.78276072735259638602 0.00000008679673786980 0.00000000100000000000 0.00001785493761350160 
0.00000000099999999997 0.00000000099999999997 0.02818777748115080389 0.97181221951884921850 0.00000000099999999997 
0.99081524036566293034 0.00000000099999999998 0.00000000099999999998 0.00000000099999999998 0.00918475663433722909 
0.92199441280319149872 0.00384099612758178862 0.05194587511122095852 0.00000000100000000000 0.02221871495800567531 
0.00000000099999999982 0.99999999600000000211 0.00000000099999999982 0.00000000099999999982 0.00000000099999999982 
0.02242345863204706080 0.00000890167647751841 0.00004889230719033821 0.97301750629683736449 0.00450124108744778123 
0.06437913904211198246 0.02159485926385644808 0.00000000099999999999 0.91402599969403142133 0.00000000099999999999 
0.00000000099999999994 0.99999999600000000211 0.00000000099999999994 0.00000000099999999994 0.00000000099999999994 
0.99963993421182251176 0.00000000099999999997 0.00036006278817752528 0.00000000099999999997 0.00000000099999999997 
0.17234470716980709870 0.76171408740572510432 0.05538085921422067348 0.00631523141302121720 0.00424511479722586293 
0.95921203299616975002 0.00000000100000000000 0.00443727465786226440 0.03120036370578925522 0.00515032764017869359 
0.93464685563014637815 0.00000000099999999999 0.00010323895599891965 0.00896516004184166708 0.05628474437201296671 
0.05111920490287883562 0.94888079209712106188 0.00000000099999999995 0.00000000099999999995 0.00000000099999999995 
0.68604518915033618764 0.00000000099999999999 0.14037574059388818748 0.17357906825577570920 0.00000000099999999999 
0.67910528394379288120 0.05735464405796890375 0.00680399038948928999 0.25673608060874891779 0.00000000099999999999 
0.05825723852396502006 0.86766927516817737853 0.01274522695206783268 0.06038957059263677651 0.00093868876315310627 
0.94670306909291168651 0.00390306283673344696 0.00000000099999999999 0.01526651639050188858 0.03412735067985304266 
