0.000000	0.291171	0.309379	0.296875	0.311303	0.277119	0.315238	0.295824	0.310960	0.320898	0.317252	0.241464	0.225079	0.313921	0.291098	0.292611	0.291536	0.295451	0.215826	0.293453	0.223874	0.315872	0.296239	0.227096	0.307390	0.292032	0.295178	0.316163	0.223790	0.306788	0.296521	0.239459	0.301466	0.219828	0.296576	0.226611	0.305296	0.311901	0.297665	0.308803	0.294755	0.299659	0.305599	0.290905	0.299369	0.301336	0.218590	0.223902	0.222568	0.303040	0.306912	0.303092	0.217465	0.243155	0.295945	0.306056	0.216997	0.244146	0.309758	0.215750	0.224629	0.228144	0.241810	0.308258	0.240502	0.300861	0.243835	0.246104	0.245717	0.224443	0.221015	0.296767	0.242443	0.218408	0.243168	0.248490	0.255556	0.254622	0.222364	0.318782	0.315822	0.295359	0.313650	0.292679	0.299474	0.307849	0.317760	0.306202	0.293698	0.316181	0.322586	0.304867	0.305744	0.316199	0.306823	0.312500	0.311187	0.312925	0.301974	0.312993	0.301989	0.315602	0.297256	0.316263	0.309306	0.300326	0.306309	0.304132	0.306926	0.298890	0.299279	0.314033	0.308636	0.300218	0.314761	0.293348	0.311854	0.301702	0.309663	0.293688	0.294862	0.310094	0.297185	0.306075	0.300483	0.300609	0.302233	0.316388	0.297822	0.299907	0.296331	0.300558	0.324149	0.315760	0.307794	0.309683	0.310217	0.298701	0.310207	0.311286	0.309454	0.295836	0.295934	0.323902	0.316033	0.284851	0.308619	0.293954	0.311555	0.219729	0.292317	0.298910	0.220703	0.217223	0.304033	0.308040	0.300804	0.305901	0.287446	0.307560	0.312522	0.299368	0.308674	0.229289	0.312582	0.311181	0.244986	0.296646	0.309509	0.292923	0.296870	0.301095	0.220934	0.316501	0.248634	0.312322	0.298162	0.225499	0.299706	0.240447	0.294878	0.237955	0.312001	0.301293	0.296919	0.215592	0.306073	0.310757	0.222724	0.295059	0.246134	0.297826	0.298857	0.227599	0.300960	0.301419	0.237462	0.295494	
0.291171	0.000000	0.263846	0.255408	0.262119	0.241570	0.255083	0.276337	0.266045	0.259670	0.261782	0.296945	0.294354	0.269420	0.246830	0.257440	0.241644	0.243097	0.296884	0.233912	0.305273	0.261347	0.238466	0.300967	0.260722	0.265649	0.246971	0.264584	0.300383	0.259226	0.255369	0.297001	0.257689	0.304420	0.246891	0.302892	0.254542	0.265834	0.244811	0.266789	0.264193	0.241573	0.269013	0.246283	0.247152	0.251707	0.303542	0.304508	0.308352	0.265543	0.268154	0.261094	0.301367	0.286371	0.244150	0.263463	0.298458	0.298630	0.265742	0.300531	0.302326	0.299817	0.290473	0.263225	0.301290	0.262656	0.301937	0.301284	0.299324	0.298060	0.298342	0.260202	0.299065	0.300576	0.295345	0.294609	0.301722	0.306217	0.306999	0.269007	0.263579	0.246185	0.263462	0.245928	0.240811	0.266154	0.257381	0.263826	0.244594	0.262393	0.263740	0.260885	0.263244	0.257158	0.267886	0.270511	0.257706	0.261129	0.248647	0.264075	0.251290	0.265480	0.248647	0.264909	0.254321	0.249864	0.252584	0.269712	0.255331	0.254352	0.250184	0.265517	0.261351	0.247140	0.251352	0.251776	0.264365	0.247369	0.263926	0.249090	0.253567	0.265413	0.249859	0.245573	0.249590	0.254939	0.247425	0.265831	0.242541	0.243522	0.247546	0.244975	0.264424	0.271425	0.250293	0.253786	0.272154	0.244561	0.249820	0.260399	0.264322	0.244505	0.251134	0.278080	0.256833	0.244424	0.245970	0.247475	0.258958	0.298592	0.239740	0.249294	0.305505	0.300962	0.263675	0.248453	0.250046	0.262452	0.264161	0.251458	0.269201	0.246753	0.254715	0.303222	0.254790	0.268216	0.289743	0.240014	0.262516	0.256526	0.249230	0.249865	0.299872	0.263282	0.280973	0.265660	0.245709	0.299780	0.242764	0.287273	0.258153	0.296188	0.255564	0.248155	0.251873	0.303428	0.270050	0.269123	0.299876	0.240691	0.283631	0.241610	0.258405	0.300000	0.258463	0.263193	0.302459	0.242236	
0.309379	0.263846	0.000000	0.260381	0.246357	0.271028	0.243893	0.268817	0.236073	0.238135	0.251687	0.298667	0.308773	0.241978	0.255729	0.269519	0.257713	0.258042	0.311276	0.263187	0.312360	0.231853	0.251250	0.308414	0.246152	0.257375	0.263209	0.249065	0.318061	0.250382	0.245365	0.295426	0.241715	0.309140	0.264188	0.311563	0.253427	0.241126	0.255775	0.233949	0.256312	0.260991	0.246106	0.262854	0.258805	0.267438	0.309109	0.311716	0.314346	0.251812	0.244609	0.244538	0.306875	0.295421	0.259893	0.253450	0.304213	0.299383	0.251994	0.303157	0.307091	0.309060	0.303157	0.250528	0.308181	0.244841	0.295500	0.301830	0.303030	0.302353	0.310711	0.252290	0.301824	0.307454	0.294524	0.302571	0.305781	0.290358	0.312643	0.236161	0.239967	0.257453	0.237950	0.262865	0.257742	0.240462	0.243659	0.235972	0.267429	0.234501	0.239628	0.235507	0.236613	0.240229	0.236576	0.242622	0.245675	0.238808	0.265935	0.245488	0.258481	0.241173	0.259485	0.242340	0.244659	0.263487	0.227405	0.232339	0.235212	0.256597	0.264541	0.244475	0.233871	0.259930	0.257775	0.261592	0.244984	0.258888	0.248064	0.256349	0.260213	0.234397	0.264378	0.228350	0.261532	0.254955	0.258065	0.250679	0.254278	0.260718	0.255227	0.260614	0.247076	0.254552	0.259073	0.236272	0.237865	0.265672	0.237864	0.267241	0.238796	0.256832	0.256682	0.248900	0.237159	0.255769	0.251421	0.262014	0.234979	0.313096	0.257607	0.265948	0.319349	0.309245	0.231803	0.256947	0.254980	0.242099	0.261991	0.237004	0.268333	0.261845	0.254796	0.304941	0.234650	0.245209	0.302542	0.255927	0.241483	0.264792	0.247216	0.261176	0.306929	0.239630	0.294430	0.253495	0.264763	0.311404	0.267508	0.295934	0.258861	0.301081	0.241253	0.268104	0.266032	0.312544	0.248314	0.244696	0.312458	0.259362	0.296000	0.256775	0.265435	0.310181	0.261335	0.244482	0.300257	0.259518	
0.296875	0.255408	0.260381	0.000000	0.268260	0.231884	0.267978	0.272026	0.262772	0.268881	0.258078	0.300598	0.302552	0.262497	0.254074	0.225334	0.247977	0.256224	0.298488	0.265079	0.294333	0.259603	0.260260	0.302198	0.265833	0.237624	0.258596	0.268217	0.305147	0.271200	0.258621	0.290407	0.262329	0.300770	0.263554	0.302776	0.268482	0.264957	0.227583	0.260961	0.225152	0.251883	0.257988	0.247749	0.251373	0.269867	0.306468	0.300986	0.298899	0.246045	0.243201	0.238999	0.289529	0.291191	0.253326	0.249935	0.290713	0.297638	0.262595	0.293720	0.305772	0.292977	0.295072	0.248688	0.314871	0.255113	0.293350	0.299134	0.293463	0.299973	0.301334	0.224286	0.295918	0.302697	0.289123	0.287012	0.288029	0.288122	0.303903	0.266944	0.269808	0.263281	0.267617	0.256543	0.258952	0.279327	0.270936	0.267324	0.262197	0.274454	0.266944	0.267532	0.254137	0.257600	0.265041	0.273744	0.272561	0.270298	0.273431	0.261925	0.255814	0.268413	0.251489	0.268159	0.266388	0.270081	0.252599	0.257454	0.255929	0.268531	0.263531	0.270714	0.258450	0.262555	0.266977	0.215696	0.269865	0.256159	0.255754	0.270871	0.260498	0.269710	0.256789	0.250711	0.271586	0.228325	0.254839	0.272484	0.260367	0.255668	0.268235	0.264656	0.270187	0.270471	0.268940	0.260188	0.254597	0.261034	0.260093	0.267627	0.270417	0.266320	0.261390	0.273697	0.272822	0.250649	0.265041	0.271835	0.269812	0.294287	0.258732	0.259070	0.296422	0.303488	0.267008	0.268496	0.263757	0.260813	0.233645	0.265434	0.285239	0.266632	0.263144	0.291206	0.264747	0.272992	0.308250	0.258683	0.262758	0.251884	0.265629	0.259394	0.303102	0.258697	0.274135	0.261155	0.269907	0.302070	0.267584	0.285938	0.224702	0.300546	0.272847	0.262813	0.269252	0.307490	0.265852	0.266790	0.285056	0.263158	0.279545	0.257881	0.265414	0.298160	0.265663	0.280388	0.302031	0.265089	
0.311303	0.262119	0.246357	0.268260	0.000000	0.258065	0.255204	0.267465	0.244321	0.243312	0.242448	0.309583	0.317463	0.247666	0.265628	0.269486	0.258318	0.265394	0.307808	0.259359	0.312519	0.230980	0.260084	0.311880	0.249177	0.253138	0.257933	0.243529	0.314706	0.246500	0.244930	0.307704	0.247499	0.316463	0.266856	0.315845	0.253523	0.245010	0.265200	0.236991	0.263022	0.261162	0.255916	0.259035	0.260143	0.266858	0.311751	0.321576	0.315044	0.256943	0.252636	0.242851	0.313823	0.303461	0.260398	0.255880	0.317405	0.303450	0.253534	0.311709	0.312659	0.307820	0.301226	0.252079	0.314110	0.246940	0.306443	0.299365	0.307543	0.307378	0.313363	0.267122	0.306008	0.316506	0.295530	0.305737	0.302784	0.301483	0.316284	0.240090	0.244624	0.258832	0.231927	0.259486	0.261894	0.257732	0.246604	0.240735	0.270222	0.244733	0.241904	0.237113	0.238024	0.243661	0.240890	0.238623	0.242456	0.243263	0.266810	0.247901	0.259480	0.243643	0.262202	0.244721	0.251839	0.267265	0.225725	0.238436	0.231311	0.257587	0.265620	0.243454	0.232207	0.262582	0.257983	0.265116	0.246779	0.262151	0.251635	0.259760	0.262280	0.243695	0.260763	0.236618	0.268238	0.263792	0.270619	0.250215	0.258527	0.258113	0.246701	0.264502	0.249204	0.256709	0.263066	0.243653	0.244164	0.272166	0.242253	0.269513	0.244372	0.263079	0.263174	0.247459	0.244113	0.256452	0.250484	0.271322	0.242525	0.315042	0.261493	0.259870	0.311577	0.314970	0.230769	0.253220	0.269401	0.242175	0.268684	0.242693	0.260616	0.258675	0.248333	0.309618	0.238049	0.248031	0.295238	0.261369	0.238671	0.263338	0.257352	0.268166	0.309906	0.245414	0.291152	0.242332	0.270508	0.318915	0.264750	0.299730	0.258771	0.302196	0.247770	0.266848	0.266191	0.312528	0.245131	0.246445	0.317904	0.262339	0.301274	0.266101	0.261477	0.308142	0.252826	0.251586	0.306129	0.261463	
0.277119	0.241570	0.271028	0.231884	0.258065	0.000000	0.253217	0.243151	0.261830	0.266499	0.266192	0.270270	0.292120	0.271380	0.256484	0.228656	0.244416	0.229899	0.282343	0.248218	0.306424	0.273920	0.250315	0.294910	0.261418	0.231366	0.248408	0.267227	0.292373	0.250629	0.236228	0.289720	0.257422	0.294218	0.261745	0.285956	0.263468	0.270895	0.225263	0.264151	0.234025	0.253681	0.253915	0.254757	0.239966	0.249237	0.300926	0.292787	0.301951	0.248025	0.260338	0.234515	0.293053	0.284479	0.251375	0.251364	0.287230	0.278765	0.236764	0.296522	0.292734	0.294118	0.286134	0.248508	0.300833	0.239047	0.287871	0.283209	0.296077	0.287617	0.297218	0.223414	0.279399	0.297285	0.275661	0.299030	0.278541	0.286465	0.292641	0.256757	0.277149	0.248739	0.250523	0.256529	0.244743	0.252658	0.249581	0.262936	0.256734	0.260851	0.259757	0.255775	0.261034	0.264431	0.251263	0.274036	0.276037	0.264484	0.259018	0.274848	0.245335	0.265323	0.252711	0.266132	0.261915	0.258092	0.246218	0.255453	0.258853	0.265184	0.259244	0.255579	0.253681	0.250631	0.266109	0.225084	0.269031	0.249678	0.244556	0.247039	0.251775	0.275862	0.250000	0.254637	0.258133	0.218736	0.248588	0.267504	0.260390	0.251892	0.258133	0.248393	0.254406	0.268895	0.252135	0.259713	0.256378	0.257966	0.262762	0.250739	0.245489	0.243687	0.248003	0.272055	0.247384	0.242246	0.263602	0.262850	0.254056	0.288511	0.237935	0.252499	0.299832	0.290512	0.267592	0.242115	0.245435	0.247466	0.223812	0.265529	0.250853	0.246759	0.267753	0.286684	0.260018	0.268209	0.291827	0.242246	0.258819	0.230603	0.256819	0.262804	0.279306	0.255824	0.278943	0.263959	0.253869	0.286678	0.253869	0.277708	0.219553	0.299916	0.245019	0.239583	0.249555	0.304717	0.267180	0.263036	0.282958	0.261468	0.280024	0.255141	0.253316	0.286147	0.244153	0.262869	0.284615	0.263226	
0.315238	0.255083	0.243893	0.267978	0.255204	0.253217	0.000000	0.294264	0.248424	0.242453	0.235437	0.296607	0.306752	0.252345	0.252475	0.271404	0.258446	0.258223	0.311928	0.257240	0.320999	0.241326	0.258627	0.315618	0.246261	0.265833	0.258479	0.238933	0.315084	0.259091	0.257053	0.301420	0.243754	0.311081	0.260220	0.316011	0.260820	0.245836	0.264716	0.238669	0.266332	0.262221	0.250813	0.259888	0.255547	0.265473	0.314967	0.314186	0.314505	0.253959	0.261937	0.249519	0.316262	0.304563	0.261433	0.256855	0.317911	0.301242	0.255502	0.304909	0.318683	0.306498	0.305944	0.257724	0.311852	0.259693	0.313993	0.305736	0.310438	0.322095	0.313561	0.268490	0.306439	0.314303	0.302682	0.314095	0.306589	0.304638	0.320480	0.252094	0.243259	0.261266	0.244322	0.264387	0.263318	0.245685	0.246023	0.246110	0.257328	0.235895	0.237933	0.243371	0.237349	0.253726	0.234192	0.247860	0.246413	0.246785	0.268293	0.257354	0.266129	0.238630	0.261108	0.240046	0.245758	0.264801	0.237372	0.250142	0.238749	0.255720	0.263107	0.241963	0.247108	0.258224	0.251887	0.262132	0.251182	0.257259	0.250946	0.263338	0.267576	0.244608	0.263769	0.235250	0.262675	0.275597	0.267773	0.258575	0.255278	0.267667	0.255242	0.273163	0.247757	0.254265	0.273265	0.232647	0.242819	0.272263	0.241445	0.284305	0.245262	0.268255	0.267963	0.260126	0.248203	0.254373	0.244747	0.271042	0.242301	0.307913	0.261101	0.266667	0.316061	0.311609	0.242904	0.258023	0.263806	0.240341	0.268594	0.225192	0.271044	0.258455	0.248635	0.310232	0.240894	0.253338	0.308317	0.256104	0.244679	0.272278	0.245677	0.273071	0.304548	0.247041	0.302595	0.248320	0.267184	0.320957	0.256017	0.301388	0.258440	0.309274	0.245427	0.268216	0.266040	0.326761	0.241079	0.243608	0.312447	0.259008	0.298011	0.259546	0.259582	0.313559	0.260984	0.273650	0.303458	0.249565	
0.295824	0.276337	0.268817	0.272026	0.267465	0.243151	0.294264	0.000000	0.275978	0.283007	0.318130	0.292308	0.286513	0.259987	0.258436	0.266160	0.278377	0.273413	0.307741	0.265000	0.296460	0.266242	0.288401	0.293300	0.266000	0.271819	0.290574	0.289391	0.301008	0.263653	0.284978	0.280101	0.282983	0.282068	0.279624	0.281033	0.279698	0.271930	0.274942	0.287173	0.282068	0.281033	0.287965	0.287086	0.268666	0.294433	0.304457	0.296774	0.303878	0.288845	0.277001	0.270820	0.296905	0.288978	0.289256	0.280227	0.308524	0.281922	0.268246	0.285146	0.288679	0.304127	0.305578	0.266412	0.313101	0.273304	0.311621	0.289078	0.293315	0.305812	0.288061	0.271448	0.300613	0.299202	0.279920	0.316083	0.278943	0.285439	0.296057	0.283818	0.264540	0.274858	0.282759	0.279347	0.280403	0.268619	0.282581	0.274102	0.287160	0.292790	0.271303	0.263688	0.276875	0.268647	0.271240	0.269279	0.277848	0.275426	0.267442	0.276006	0.282698	0.277253	0.282405	0.286973	0.283102	0.264484	0.251731	0.263619	0.273877	0.273359	0.290364	0.283019	0.268093	0.291035	0.262961	0.259773	0.266949	0.259401	0.274204	0.267925	0.292942	0.287147	0.281270	0.271930	0.278937	0.266103	0.275129	0.283128	0.292327	0.268216	0.270559	0.291242	0.273579	0.303344	0.283984	0.283460	0.267712	0.273079	0.284197	0.271324	0.285355	0.257233	0.275281	0.288000	0.291432	0.267128	0.289773	0.289375	0.281609	0.295383	0.269592	0.274839	0.281761	0.273750	0.260076	0.253410	0.286079	0.271293	0.260404	0.289877	0.294282	0.270338	0.278331	0.292416	0.265279	0.281290	0.299925	0.269255	0.288103	0.276471	0.267632	0.282746	0.295802	0.286344	0.295794	0.285714	0.279449	0.280076	0.274497	0.269182	0.267677	0.296835	0.295757	0.302922	0.270977	0.298734	0.252252	0.271825	0.298999	0.263092	0.276618	0.272388	0.286151	0.288512	0.259380	0.279970	0.300645	0.290406	
0.310960	0.266045	0.236073	0.262772	0.244321	0.261830	0.248424	0.275978	0.000000	0.244421	0.238530	0.301805	0.321221	0.235886	0.256790	0.265416	0.265676	0.258968	0.314382	0.260091	0.321146	0.238624	0.256453	0.321390	0.241827	0.254129	0.264947	0.243795	0.323651	0.254703	0.250085	0.305756	0.235402	0.317958	0.269242	0.319591	0.251338	0.252651	0.262031	0.237552	0.264797	0.265086	0.252451	0.259377	0.260174	0.270314	0.313720	0.321973	0.325877	0.252472	0.247016	0.253352	0.310350	0.309617	0.263376	0.257513	0.313270	0.305121	0.257195	0.318580	0.313911	0.313707	0.308517	0.251422	0.321780	0.254459	0.317992	0.311426	0.310101	0.315099	0.316794	0.259744	0.309392	0.314603	0.306444	0.316630	0.319326	0.303794	0.318866	0.246728	0.243854	0.261571	0.244401	0.255743	0.259456	0.239257	0.244124	0.243202	0.265042	0.245976	0.244647	0.235866	0.244710	0.231614	0.238781	0.244021	0.242864	0.241285	0.266189	0.244765	0.268578	0.237146	0.261462	0.249392	0.250456	0.265632	0.231926	0.243284	0.242327	0.262617	0.266472	0.249962	0.233658	0.261175	0.249585	0.270006	0.243211	0.265183	0.257480	0.261945	0.270250	0.242732	0.267888	0.230933	0.269642	0.266520	0.266979	0.256446	0.267394	0.261499	0.267977	0.268977	0.251378	0.260829	0.269506	0.245082	0.232628	0.267075	0.241984	0.280510	0.232322	0.259921	0.266423	0.254216	0.238002	0.259535	0.243869	0.261890	0.232515	0.318454	0.252128	0.263786	0.323687	0.314347	0.240518	0.260149	0.263917	0.238899	0.267215	0.237734	0.268713	0.265949	0.254184	0.315583	0.240202	0.252390	0.301198	0.261489	0.239291	0.268695	0.253611	0.259383	0.311534	0.240549	0.291468	0.241621	0.274780	0.321215	0.266525	0.304135	0.262057	0.312423	0.245242	0.263939	0.263542	0.315862	0.236262	0.261852	0.322825	0.258454	0.312304	0.259876	0.262025	0.307370	0.263471	0.262240	0.304456	0.268910	
0.320898	0.259670	0.238135	0.268881	0.243312	0.266499	0.242453	0.283007	0.244421	0.000000	0.252805	0.312444	0.315126	0.249338	0.258744	0.268313	0.263654	0.261229	0.311198	0.261313	0.315395	0.240402	0.263987	0.313240	0.242482	0.267972	0.271764	0.242053	0.315242	0.250552	0.252859	0.296530	0.239484	0.309631	0.266216	0.314983	0.258769	0.243284	0.256625	0.237312	0.264108	0.258645	0.259182	0.267592	0.260629	0.269449	0.317709	0.317312	0.323820	0.258511	0.251671	0.249650	0.312726	0.295099	0.260232	0.257305	0.315134	0.307639	0.256357	0.313360	0.312812	0.313788	0.311698	0.251329	0.314429	0.253492	0.302776	0.309674	0.301468	0.315011	0.313750	0.262718	0.310137	0.310078	0.301268	0.305841	0.303110	0.302689	0.315129	0.241947	0.241679	0.259131	0.234614	0.258221	0.257900	0.242517	0.247484	0.240851	0.262313	0.242198	0.234840	0.236893	0.230812	0.244728	0.237354	0.248753	0.238907	0.238325	0.268762	0.241945	0.264789	0.242089	0.261181	0.240359	0.251320	0.262896	0.232532	0.238299	0.234739	0.252057	0.264209	0.242600	0.238569	0.261911	0.248077	0.261177	0.242751	0.263712	0.252510	0.261093	0.266189	0.239388	0.271875	0.230684	0.260821	0.260057	0.265627	0.243372	0.256103	0.264104	0.262086	0.262678	0.242442	0.251725	0.263638	0.233718	0.234107	0.267903	0.236226	0.272301	0.236664	0.257828	0.258167	0.245353	0.236161	0.258323	0.248243	0.261702	0.240263	0.320960	0.262358	0.265525	0.317859	0.317232	0.243737	0.262367	0.260495	0.234895	0.271165	0.236773	0.265132	0.266070	0.249863	0.308395	0.238304	0.249404	0.301874	0.258376	0.235715	0.267836	0.254186	0.264657	0.314789	0.247805	0.290003	0.241638	0.266529	0.315158	0.268229	0.300515	0.269540	0.305408	0.239234	0.267136	0.265174	0.320518	0.250755	0.254424	0.313489	0.261264	0.303060	0.258353	0.265489	0.311567	0.265787	0.264046	0.301646	0.263516	
0.317252	0.261782	0.251687	0.258078	0.242448	0.266192	0.235437	0.318130	0.238530	0.252805	0.000000	0.293626	0.310814	0.249813	0.259994	0.270854	0.256018	0.260848	0.307461	0.259020	0.321080	0.237212	0.251057	0.327145	0.244739	0.262257	0.270759	0.249132	0.326962	0.250249	0.247167	0.309278	0.234138	0.320593	0.264531	0.318227	0.252493	0.250310	0.254490	0.211985	0.265388	0.255335	0.245349	0.261630	0.257740	0.259221	0.318159	0.325871	0.316625	0.246099	0.251699	0.248800	0.311920	0.305852	0.266932	0.257742	0.307828	0.303221	0.250126	0.329101	0.321179	0.323108	0.317396	0.243515	0.316082	0.254284	0.324171	0.313923	0.320934	0.318780	0.315605	0.274894	0.317327	0.322394	0.310108	0.319792	0.314249	0.311572	0.322331	0.244012	0.241663	0.264897	0.244979	0.262581	0.260837	0.242485	0.236685	0.226570	0.260315	0.243714	0.230769	0.231132	0.240585	0.246373	0.244024	0.253370	0.243162	0.234095	0.268293	0.248207	0.260538	0.245640	0.273290	0.255866	0.248253	0.262594	0.241345	0.237715	0.241819	0.250630	0.270113	0.255669	0.243446	0.252816	0.249691	0.265899	0.254085	0.262877	0.255388	0.267754	0.264932	0.244151	0.271134	0.240248	0.266198	0.267181	0.258887	0.244627	0.260957	0.270385	0.254637	0.261860	0.251608	0.253417	0.266523	0.233760	0.240943	0.268992	0.241508	0.277810	0.240727	0.263197	0.255837	0.241553	0.236287	0.262869	0.245283	0.267644	0.247399	0.320645	0.257399	0.258065	0.325132	0.329085	0.240011	0.266125	0.263025	0.242605	0.267549	0.242547	0.262550	0.263093	0.245545	0.318066	0.236036	0.253155	0.307777	0.255970	0.245150	0.263293	0.249626	0.264334	0.317724	0.240796	0.302680	0.253209	0.278717	0.312421	0.266617	0.299975	0.251882	0.308750	0.242675	0.260341	0.260049	0.327820	0.239893	0.247351	0.315526	0.260010	0.296035	0.266005	0.263200	0.318559	0.261546	0.274289	0.314612	0.261023	
0.241464	0.296945	0.298667	0.300598	0.309583	0.270270	0.296607	0.292308	0.301805	0.312444	0.293626	0.000000	0.238066	0.306572	0.289253	0.302139	0.292014	0.293875	0.240533	0.295915	0.232627	0.305879	0.298230	0.246892	0.299566	0.287869	0.301072	0.311249	0.245999	0.294709	0.297289	0.242836	0.290985	0.238081	0.305629	0.245422	0.303461	0.305335	0.291793	0.299465	0.287034	0.303682	0.304864	0.300450	0.301460	0.302304	0.249336	0.234978	0.234579	0.303490	0.297499	0.295352	0.236181	0.233786	0.279882	0.303165	0.228358	0.240439	0.301484	0.230886	0.236540	0.240499	0.224144	0.299253	0.238504	0.295170	0.245896	0.250076	0.234435	0.250541	0.231473	0.291966	0.268035	0.239764	0.236313	0.260008	0.246355	0.268004	0.235079	0.305844	0.304026	0.293978	0.306466	0.284788	0.287322	0.301431	0.299350	0.302277	0.292308	0.313424	0.311631	0.292950	0.303182	0.307119	0.304541	0.314023	0.298632	0.306285	0.286584	0.305222	0.296556	0.304090	0.294412	0.307056	0.292367	0.286645	0.300178	0.303271	0.308057	0.279605	0.299641	0.315914	0.302250	0.303381	0.298560	0.290974	0.308740	0.297468	0.310720	0.282318	0.307965	0.308620	0.296837	0.292589	0.308082	0.293777	0.292046	0.320577	0.298334	0.303461	0.292380	0.301603	0.312441	0.307367	0.297023	0.295846	0.291973	0.297924	0.293114	0.308651	0.313830	0.293507	0.305080	0.318562	0.302422	0.287655	0.305375	0.297210	0.308293	0.239549	0.295193	0.296670	0.244976	0.251400	0.296588	0.289533	0.282174	0.302834	0.295670	0.309744	0.314858	0.300029	0.303226	0.242797	0.302055	0.311071	0.226962	0.303209	0.299312	0.278907	0.302771	0.300619	0.238279	0.319149	0.251259	0.301644	0.302243	0.240356	0.302031	0.236385	0.287537	0.241277	0.303184	0.300000	0.292890	0.250148	0.305057	0.295690	0.238659	0.300823	0.234242	0.285420	0.310585	0.238356	0.297899	0.296781	0.246172	0.301460	
0.225079	0.294354	0.308773	0.302552	0.317463	0.292120	0.306752	0.286513	0.321221	0.315126	0.310814	0.238066	0.000000	0.312089	0.289772	0.292262	0.292298	0.292551	0.223697	0.296953	0.227781	0.309610	0.301229	0.224149	0.312089	0.289452	0.304363	0.320192	0.219638	0.304719	0.304400	0.234981	0.310296	0.219539	0.300496	0.221269	0.301984	0.317244	0.291900	0.309482	0.293327	0.304666	0.311833	0.287320	0.302156	0.305657	0.221634	0.225107	0.230493	0.317813	0.314227	0.304822	0.220072	0.234452	0.297154	0.305074	0.211689	0.237827	0.315872	0.215911	0.224350	0.236204	0.242118	0.313111	0.244112	0.308044	0.240403	0.257212	0.245111	0.228455	0.219866	0.299901	0.243586	0.226907	0.243283	0.257258	0.246869	0.242663	0.226070	0.318700	0.312626	0.292135	0.319981	0.298489	0.296561	0.315325	0.317278	0.310624	0.300562	0.324560	0.316895	0.309128	0.305198	0.314447	0.317524	0.322923	0.313928	0.311422	0.290993	0.318596	0.298394	0.313631	0.293844	0.310667	0.309060	0.297478	0.309620	0.307369	0.315971	0.304970	0.305285	0.315141	0.315765	0.302126	0.311493	0.295497	0.318317	0.303577	0.311056	0.300156	0.298883	0.315732	0.294808	0.309317	0.299452	0.302206	0.303157	0.319764	0.294803	0.303380	0.296533	0.306219	0.326116	0.317536	0.306282	0.319799	0.310980	0.294649	0.316230	0.309895	0.311810	0.289236	0.294320	0.330688	0.315364	0.291868	0.310238	0.296434	0.313400	0.221944	0.293634	0.303802	0.228545	0.222740	0.307204	0.293983	0.302388	0.312949	0.296244	0.304613	0.315881	0.296790	0.302749	0.239214	0.309335	0.321672	0.241733	0.290503	0.315933	0.294308	0.306507	0.301890	0.216276	0.315139	0.255269	0.312073	0.301907	0.225716	0.297595	0.243180	0.294108	0.231335	0.315823	0.302248	0.289617	0.226023	0.309856	0.310525	0.218468	0.299133	0.243037	0.295430	0.307176	0.222004	0.308720	0.309600	0.241418	0.296103	
0.313921	0.269420	0.241978	0.262497	0.247666	0.271380	0.252345	0.259987	0.235886	0.249338	0.249813	0.306572	0.312089	0.000000	0.259986	0.271031	0.259957	0.251911	0.316424	0.262060	0.323311	0.241837	0.253721	0.305123	0.252488	0.267410	0.263447	0.249063	0.316431	0.254937	0.252666	0.304673	0.243236	0.312535	0.261958	0.319495	0.252629	0.250520	0.262318	0.244115	0.268171	0.258573	0.253553	0.267236	0.261745	0.269920	0.314553	0.312232	0.319331	0.255966	0.250457	0.259771	0.309264	0.306982	0.271346	0.261665	0.314802	0.303951	0.265752	0.313983	0.313986	0.315834	0.311022	0.254855	0.314128	0.253656	0.312593	0.317893	0.314924	0.310572	0.314330	0.269219	0.315205	0.315479	0.307500	0.310357	0.311044	0.312418	0.319442	0.240686	0.247948	0.254495	0.237745	0.261706	0.261693	0.246477	0.244784	0.238486	0.265662	0.243499	0.239427	0.243977	0.240738	0.247271	0.247428	0.246545	0.248987	0.247987	0.268237	0.239253	0.263989	0.240390	0.261479	0.241394	0.252310	0.264456	0.236802	0.240545	0.240671	0.257788	0.262032	0.248048	0.239431	0.268129	0.255499	0.263327	0.252605	0.263916	0.251040	0.261538	0.264698	0.247709	0.263655	0.239695	0.261016	0.259456	0.265837	0.243317	0.262203	0.256629	0.259352	0.267722	0.248963	0.261987	0.264680	0.239009	0.246712	0.275694	0.244790	0.274446	0.239200	0.264915	0.261779	0.255510	0.242361	0.254836	0.249896	0.262238	0.235801	0.319606	0.264022	0.266676	0.316603	0.318309	0.245235	0.253726	0.266382	0.243304	0.268855	0.241166	0.276407	0.266436	0.248445	0.311501	0.237306	0.253070	0.307352	0.268167	0.242748	0.271560	0.248642	0.266574	0.318001	0.239191	0.295681	0.253789	0.270128	0.322036	0.266241	0.303489	0.259715	0.305185	0.245881	0.268277	0.267313	0.321343	0.248250	0.245039	0.316636	0.258404	0.308549	0.256169	0.272683	0.316950	0.258065	0.266122	0.305138	0.262180	
0.291098	0.246830	0.255729	0.254074	0.265628	0.256484	0.252475	0.258436	0.256790	0.258744	0.259994	0.289253	0.289772	0.259986	0.000000	0.259350	0.233730	0.236006	0.290136	0.241427	0.285739	0.263447	0.242019	0.284113	0.263564	0.252113	0.239508	0.265698	0.287163	0.253990	0.249261	0.286998	0.254258	0.288475	0.245924	0.288893	0.249695	0.264808	0.240815	0.255662	0.247959	0.236531	0.261901	0.240028	0.244331	0.243477	0.288827	0.294149	0.294159	0.270765	0.270800	0.265562	0.284244	0.279315	0.241947	0.266702	0.289326	0.280742	0.266340	0.292439	0.284519	0.287191	0.298181	0.268052	0.288808	0.271863	0.278823	0.291652	0.286898	0.286366	0.294128	0.255260	0.289387	0.280418	0.274058	0.277547	0.286919	0.283820	0.290548	0.262104	0.260129	0.246914	0.259407	0.239172	0.238285	0.263703	0.255120	0.260688	0.244340	0.259962	0.259684	0.255640	0.253075	0.266084	0.258911	0.266167	0.260042	0.266343	0.243937	0.260256	0.237285	0.268047	0.244202	0.262864	0.250131	0.247308	0.250043	0.254684	0.249521	0.246664	0.242659	0.268059	0.262691	0.241253	0.251424	0.250961	0.265476	0.241130	0.259907	0.240447	0.235854	0.263332	0.245131	0.249306	0.239392	0.254045	0.240856	0.259720	0.235583	0.237400	0.242430	0.242032	0.251850	0.277694	0.246540	0.258774	0.257093	0.244588	0.267291	0.250954	0.264144	0.238494	0.247216	0.271642	0.260305	0.229178	0.254681	0.248054	0.250926	0.291652	0.240298	0.247449	0.290785	0.284769	0.259015	0.242011	0.237102	0.254970	0.252833	0.259174	0.261905	0.247922	0.251464	0.286120	0.264684	0.269455	0.278484	0.239827	0.255567	0.245706	0.246050	0.239002	0.287170	0.267309	0.273423	0.256704	0.258466	0.288745	0.239571	0.276714	0.252882	0.277119	0.254854	0.240917	0.244921	0.296491	0.266344	0.259702	0.293745	0.245384	0.275533	0.243393	0.249711	0.285897	0.255824	0.269986	0.283765	0.244571	
0.292611	0.257440	0.269519	0.225334	0.269486	0.228656	0.271404	0.266160	0.265416	0.268313	0.270854	0.302139	0.292262	0.271031	0.259350	0.000000	0.252284	0.253986	0.291919	0.252907	0.293637	0.255551	0.257748	0.295705	0.272510	0.224234	0.259416	0.271520	0.296406	0.267180	0.262730	0.294109	0.262619	0.299287	0.262819	0.301258	0.262779	0.272078	0.226462	0.272688	0.224551	0.249159	0.255630	0.259984	0.256211	0.261422	0.298157	0.298705	0.302983	0.261148	0.254664	0.248153	0.295096	0.282979	0.262890	0.251829	0.292697	0.284401	0.259312	0.302158	0.294217	0.293245	0.287069	0.255497	0.297834	0.249186	0.286789	0.290444	0.292980	0.292194	0.300225	0.227198	0.297207	0.300951	0.294771	0.292252	0.291985	0.294286	0.290757	0.268101	0.267527	0.255197	0.267637	0.252524	0.255426	0.267396	0.274408	0.263106	0.260056	0.266274	0.270320	0.259010	0.262334	0.263581	0.266218	0.271167	0.266263	0.277894	0.266992	0.263280	0.264857	0.273557	0.265577	0.272101	0.268227	0.254451	0.262582	0.263453	0.261237	0.262815	0.260808	0.277427	0.268653	0.259738	0.259301	0.226953	0.275169	0.261359	0.258380	0.257392	0.253984	0.265052	0.265810	0.258985	0.262016	0.223637	0.265362	0.273299	0.255280	0.258037	0.264867	0.259107	0.274287	0.280729	0.264983	0.263715	0.266583	0.265064	0.265426	0.271459	0.264920	0.263432	0.258853	0.281229	0.264233	0.254271	0.264389	0.264767	0.264433	0.304422	0.251436	0.258905	0.299958	0.291591	0.266632	0.266182	0.261331	0.260894	0.225684	0.264027	0.264269	0.257614	0.265070	0.294424	0.273313	0.270101	0.290872	0.259197	0.265176	0.249817	0.265423	0.262753	0.292035	0.270389	0.278405	0.267261	0.266471	0.298400	0.261648	0.279430	0.220914	0.288845	0.261776	0.263362	0.257874	0.298968	0.265292	0.269712	0.298228	0.254218	0.285610	0.258618	0.260184	0.298579	0.246231	0.269369	0.287543	0.260613	
0.291536	0.241644	0.257713	0.247977	0.258318	0.244416	0.258446	0.278377	0.265676	0.263654	0.256018	0.292014	0.292298	0.259957	0.233730	0.252284	0.000000	0.237027	0.290222	0.238282	0.297644	0.257814	0.231255	0.287920	0.261246	0.246337	0.239247	0.270535	0.296621	0.242667	0.244239	0.290130	0.254564	0.295272	0.238383	0.297094	0.246612	0.264103	0.245035	0.254462	0.247057	0.236816	0.261908	0.239174	0.235336	0.250453	0.293935	0.296270	0.298865	0.262850	0.259391	0.261867	0.291078	0.282729	0.236644	0.261673	0.293649	0.288184	0.265713	0.290573	0.293894	0.293609	0.279201	0.267483	0.296406	0.262274	0.285882	0.289834	0.290854	0.289408	0.286804	0.259895	0.288235	0.297515	0.278470	0.282947	0.288386	0.285841	0.292506	0.263165	0.261945	0.236512	0.253576	0.237948	0.236986	0.259533	0.265704	0.254111	0.246303	0.256252	0.260925	0.253513	0.253850	0.251095	0.248420	0.266206	0.259568	0.259010	0.242904	0.260755	0.240881	0.263476	0.239569	0.261378	0.248197	0.243004	0.250737	0.262530	0.251976	0.244574	0.241947	0.261771	0.245631	0.243837	0.252411	0.239870	0.264766	0.243143	0.259446	0.238787	0.237822	0.262670	0.247721	0.246952	0.240780	0.245825	0.241051	0.262502	0.236846	0.236816	0.243872	0.240806	0.259952	0.268349	0.237110	0.251591	0.256547	0.238026	0.255922	0.251852	0.256385	0.235261	0.240113	0.264123	0.263490	0.240686	0.248000	0.243077	0.259101	0.291472	0.248069	0.244044	0.295194	0.297720	0.255730	0.239490	0.246090	0.256797	0.251622	0.253491	0.256708	0.235475	0.254604	0.292143	0.253866	0.275168	0.291965	0.235047	0.254338	0.248747	0.245360	0.248039	0.289244	0.260814	0.277980	0.257632	0.244958	0.294752	0.244992	0.278633	0.247639	0.283553	0.259333	0.249355	0.242757	0.298056	0.258645	0.256061	0.288088	0.244792	0.278303	0.239939	0.255650	0.288660	0.265108	0.255155	0.285406	0.241056	
0.295451	0.243097	0.258042	0.256224	0.265394	0.229899	0.258223	0.273413	0.258968	0.261229	0.260848	0.293875	0.292551	0.251911	0.236006	0.253986	0.237027	0.000000	0.291216	0.239791	0.297069	0.255463	0.242433	0.299653	0.259041	0.248994	0.252796	0.265998	0.295014	0.252304	0.245471	0.277065	0.253393	0.295636	0.239785	0.294404	0.250624	0.261784	0.245210	0.261164	0.256396	0.242537	0.259502	0.244729	0.234780	0.248399	0.296644	0.296710	0.302681	0.266960	0.259378	0.253733	0.299115	0.281723	0.244469	0.263332	0.292370	0.283611	0.265354	0.297138	0.290791	0.291129	0.287410	0.263385	0.297031	0.261487	0.288080	0.292112	0.289701	0.291353	0.290242	0.258300	0.286690	0.291357	0.281481	0.285790	0.284069	0.283333	0.299986	0.258785	0.259295	0.234192	0.260708	0.245527	0.236144	0.257988	0.265971	0.252168	0.246173	0.262767	0.255094	0.251135	0.256414	0.266962	0.259218	0.258221	0.260335	0.263599	0.250494	0.255606	0.244871	0.255961	0.240132	0.257107	0.251974	0.244696	0.252893	0.256710	0.249619	0.241207	0.243018	0.257927	0.257103	0.244720	0.250958	0.250484	0.268905	0.245388	0.266100	0.245854	0.240258	0.257834	0.243063	0.253707	0.245192	0.254765	0.242770	0.268049	0.240200	0.244212	0.238411	0.249031	0.257691	0.273495	0.234622	0.258757	0.261758	0.242437	0.251065	0.254583	0.255980	0.237747	0.240733	0.267451	0.255559	0.238607	0.250137	0.240433	0.258633	0.297203	0.238135	0.247266	0.298945	0.298800	0.254091	0.246186	0.240293	0.259428	0.257668	0.256693	0.252851	0.237116	0.250615	0.294210	0.256716	0.268763	0.281870	0.240390	0.259027	0.248844	0.246897	0.246264	0.291105	0.266268	0.284256	0.264610	0.251338	0.297665	0.246500	0.278278	0.251797	0.290538	0.257107	0.242077	0.240025	0.302778	0.263024	0.268657	0.298883	0.238916	0.273946	0.241715	0.255416	0.295839	0.247595	0.250672	0.286240	0.246713	
0.215826	0.296884	0.311276	0.298488	0.307808	0.282343	0.311928	0.307741	0.314382	0.311198	0.307461	0.240533	0.223697	0.316424	0.290136	0.291919	0.290222	0.291216	0.000000	0.287002	0.222176	0.313952	0.299098	0.221602	0.302481	0.288095	0.302329	0.317421	0.217627	0.303329	0.304235	0.242603	0.304188	0.219337	0.296517	0.226167	0.301818	0.316650	0.288107	0.307429	0.292423	0.290457	0.307281	0.290547	0.297521	0.299534	0.223242	0.217614	0.222021	0.311029	0.310292	0.304342	0.219900	0.238603	0.296125	0.302118	0.214918	0.241480	0.309144	0.219422	0.226040	0.224099	0.241947	0.303938	0.242213	0.306016	0.247606	0.248314	0.241550	0.217328	0.225995	0.297612	0.237885	0.228307	0.246890	0.243147	0.250922	0.246575	0.218826	0.318454	0.313559	0.296508	0.315418	0.300833	0.289781	0.311796	0.309762	0.309253	0.297538	0.318857	0.313592	0.302164	0.300194	0.318385	0.310168	0.319259	0.314270	0.310163	0.300185	0.318515	0.305489	0.315255	0.292457	0.305807	0.303923	0.301015	0.308194	0.303750	0.308454	0.302061	0.296577	0.310239	0.307350	0.298358	0.310040	0.294865	0.317179	0.297842	0.303500	0.288663	0.295958	0.314951	0.292739	0.305167	0.298870	0.290323	0.300741	0.313697	0.293573	0.296580	0.294134	0.305735	0.322638	0.316649	0.299438	0.312517	0.305725	0.295898	0.307180	0.306368	0.317797	0.296116	0.293233	0.321283	0.307842	0.285496	0.299056	0.296430	0.313258	0.219379	0.291245	0.297115	0.219754	0.223162	0.301973	0.305701	0.294921	0.308528	0.293396	0.302966	0.301881	0.295168	0.305529	0.228449	0.311825	0.322290	0.237297	0.294354	0.313796	0.293895	0.300500	0.297787	0.220310	0.316284	0.265961	0.313678	0.305221	0.226270	0.296773	0.246375	0.290174	0.225395	0.314330	0.300273	0.289040	0.221943	0.305327	0.313222	0.221359	0.297599	0.245906	0.299986	0.305670	0.226937	0.312747	0.302002	0.239214	0.300171	
0.293453	0.233912	0.263187	0.265079	0.259359	0.248218	0.257240	0.265000	0.260091	0.261313	0.259020	0.295915	0.296953	0.262060	0.241427	0.252907	0.238282	0.239791	0.287002	0.000000	0.296127	0.257422	0.249346	0.294697	0.252911	0.257939	0.236922	0.269442	0.300277	0.252132	0.250441	0.288529	0.256410	0.292936	0.236484	0.290995	0.253437	0.263759	0.254793	0.263009	0.247394	0.247690	0.259063	0.251235	0.240283	0.244448	0.295671	0.293452	0.301625	0.268587	0.257827	0.254332	0.290171	0.276705	0.240351	0.267469	0.294544	0.280968	0.262595	0.296367	0.291390	0.295792	0.281931	0.261998	0.291176	0.261009	0.279974	0.293446	0.285053	0.290901	0.289295	0.251501	0.290331	0.286756	0.281846	0.284175	0.285914	0.286612	0.290974	0.263231	0.259509	0.239514	0.256153	0.240667	0.237302	0.259156	0.265272	0.250758	0.242127	0.262984	0.256124	0.260917	0.259000	0.261991	0.266492	0.267210	0.260316	0.260110	0.242159	0.261324	0.237472	0.263318	0.247288	0.261944	0.252980	0.245244	0.258892	0.260780	0.256751	0.247324	0.239043	0.257797	0.258599	0.243646	0.244621	0.249550	0.258985	0.242691	0.264956	0.238971	0.237814	0.262904	0.247699	0.247457	0.240510	0.250783	0.241340	0.271213	0.243356	0.239862	0.239536	0.245337	0.263822	0.272209	0.235777	0.259634	0.255559	0.239260	0.258429	0.254472	0.261420	0.240077	0.245445	0.270702	0.260995	0.237085	0.251274	0.244026	0.260565	0.296631	0.236541	0.244666	0.294469	0.292202	0.261458	0.249553	0.248131	0.256775	0.261740	0.260175	0.254908	0.237684	0.246101	0.294076	0.264764	0.269903	0.284943	0.236524	0.257245	0.247110	0.244619	0.248078	0.290871	0.260053	0.277211	0.260555	0.248352	0.296008	0.244842	0.285595	0.253285	0.287563	0.260268	0.246486	0.244186	0.301779	0.270974	0.268763	0.295451	0.241238	0.286329	0.245713	0.254949	0.291673	0.257560	0.256139	0.291336	0.247633	
0.223874	0.305273	0.312360	0.294333	0.312519	0.306424	0.320999	0.296460	0.321146	0.315395	0.321080	0.232627	0.227781	0.323311	0.285739	0.293637	0.297644	0.297069	0.222176	0.296127	0.000000	0.308316	0.301952	0.228424	0.313324	0.291217	0.297371	0.322149	0.230193	0.308341	0.304677	0.241495	0.309782	0.216121	0.304510	0.215430	0.304621	0.317012	0.281894	0.315033	0.293801	0.302967	0.309083	0.295323	0.305856	0.300135	0.221499	0.222868	0.222470	0.315176	0.310509	0.304482	0.213522	0.237095	0.297702	0.307981	0.205232	0.236846	0.314035	0.224819	0.228440	0.224899	0.239024	0.310606	0.245472	0.310514	0.249384	0.250465	0.242651	0.227800	0.222932	0.298501	0.229756	0.217767	0.229736	0.228288	0.235469	0.244526	0.219328	0.321067	0.318560	0.296975	0.318546	0.297215	0.307171	0.314630	0.314151	0.310517	0.298238	0.324882	0.312838	0.310828	0.309435	0.317036	0.312933	0.323464	0.316214	0.316059	0.305769	0.311165	0.296196	0.314547	0.303892	0.316169	0.315093	0.307970	0.312457	0.310302	0.309255	0.302348	0.305023	0.323109	0.312873	0.304903	0.310459	0.291377	0.317864	0.298959	0.314250	0.298790	0.302181	0.317654	0.301495	0.311136	0.299764	0.289696	0.302332	0.316898	0.295057	0.305186	0.299750	0.302671	0.320696	0.319979	0.306183	0.310191	0.309888	0.295968	0.311126	0.308664	0.315353	0.297248	0.299334	0.324026	0.318094	0.296635	0.311661	0.300166	0.311480	0.222609	0.298520	0.302376	0.224558	0.222791	0.306556	0.304462	0.304397	0.318788	0.295859	0.315317	0.308504	0.296496	0.307809	0.218959	0.314416	0.324191	0.240756	0.296174	0.320844	0.295435	0.296312	0.310145	0.220956	0.316511	0.266931	0.314575	0.309392	0.222981	0.309149	0.235196	0.292818	0.226765	0.313184	0.304502	0.302532	0.217331	0.312836	0.316893	0.223431	0.301487	0.244002	0.296485	0.322987	0.223370	0.317038	0.302656	0.235010	0.303810	
0.315872	0.261347	0.231853	0.259603	0.230980	0.273920	0.241326	0.266242	0.238624	0.240402	0.237212	0.305879	0.309610	0.241837	0.263447	0.255551	0.257814	0.255463	0.313952	0.257422	0.308316	0.000000	0.257749	0.315414	0.242365	0.261614	0.265968	0.240519	0.309707	0.250671	0.242988	0.304155	0.240052	0.308091	0.263136	0.317560	0.251425	0.242095	0.272061	0.241863	0.260438	0.259595	0.245745	0.261288	0.254859	0.265344	0.312136	0.323704	0.315264	0.256911	0.246896	0.244798	0.308711	0.295540	0.260391	0.245527	0.310152	0.303013	0.250214	0.315885	0.308173	0.314971	0.306190	0.247672	0.310849	0.255761	0.305345	0.307512	0.300307	0.308734	0.315220	0.260935	0.305454	0.313673	0.294707	0.300000	0.307457	0.302544	0.309816	0.240993	0.238964	0.254499	0.239447	0.256265	0.262093	0.238601	0.237106	0.236701	0.261024	0.236686	0.233173	0.229942	0.231843	0.234842	0.237173	0.238764	0.234224	0.239729	0.267460	0.234331	0.258879	0.237110	0.267918	0.243584	0.251563	0.263739	0.235644	0.233051	0.240528	0.247607	0.260944	0.243236	0.237279	0.264501	0.250950	0.254838	0.238065	0.255356	0.249189	0.262118	0.260287	0.238418	0.260673	0.229760	0.260597	0.259324	0.260661	0.238614	0.255894	0.255600	0.257657	0.260976	0.235755	0.248941	0.260568	0.237030	0.237157	0.268432	0.241248	0.267164	0.243572	0.258271	0.259034	0.243647	0.238713	0.251202	0.248020	0.261005	0.234719	0.312223	0.250141	0.256470	0.315917	0.315707	0.226584	0.262740	0.267679	0.236771	0.265190	0.231278	0.257576	0.261428	0.248841	0.305884	0.238330	0.252011	0.294813	0.254977	0.238262	0.264610	0.246775	0.260183	0.308658	0.241522	0.293765	0.243800	0.270533	0.320189	0.262355	0.299445	0.253655	0.304429	0.239068	0.268472	0.258615	0.319960	0.240421	0.239991	0.312837	0.253271	0.303773	0.252993	0.260131	0.305522	0.261622	0.260727	0.298646	0.264249	
