0.000000	0.301845	0.320860	0.303888	0.323859	0.295794	0.320519	0.299208	0.326074	0.330036	0.325435	0.238038	0.223550	0.318305	0.306250	0.305432	0.311388	0.306646	0.227442	0.309821	0.224338	0.317979	0.305945	0.233770	0.318102	0.305543	0.314860	0.317376	0.229697	0.314237	0.308353	0.248708	0.320281	0.219094	0.308672	0.221887	0.315390	0.326466	0.306059	0.325891	0.331286	0.315255	0.312815	0.310774	0.314409	0.305718	0.298580	0.310451	0.228432	0.229409	0.303390	0.311327	0.222796	0.226356	0.317055	0.310986	0.307494	0.321679	0.302106	0.326959	0.320212	0.305373	0.311644	0.236721	0.330479	0.326531	0.247234	0.304939	0.322779	0.298312	0.311445	0.313582	0.224537	0.333477	0.265178	0.327675	0.305615	0.221134	0.309970	0.250429	0.305823	0.233805	0.320608	0.298462	0.301563	0.224180	0.312339	0.323080	0.235267	0.229417	0.310635	0.258925	0.303788	0.316090	0.225364	0.310682	0.311597	0.246103	0.305683	
0.301845	0.000000	0.272544	0.267933	0.268429	0.248330	0.267122	0.279841	0.274148	0.275916	0.268046	0.309992	0.306145	0.278346	0.258168	0.272191	0.258610	0.245970	0.299628	0.259690	0.309074	0.268232	0.244517	0.304971	0.271184	0.276320	0.263794	0.273627	0.304253	0.262122	0.266030	0.302253	0.270837	0.304804	0.248839	0.308421	0.264911	0.273994	0.257128	0.271291	0.272376	0.266378	0.276420	0.251315	0.281572	0.247865	0.252833	0.257473	0.306547	0.304734	0.253794	0.254621	0.305482	0.309981	0.272219	0.255605	0.262109	0.267710	0.271105	0.276516	0.278238	0.257616	0.262427	0.310878	0.267994	0.272996	0.291463	0.253253	0.270614	0.268642	0.264201	0.256700	0.304869	0.272333	0.291512	0.278798	0.261434	0.311731	0.256732	0.300899	0.275937	0.301796	0.274705	0.243609	0.262855	0.311608	0.273863	0.274456	0.305510	0.306647	0.254366	0.295387	0.252977	0.265888	0.303710	0.272189	0.273493	0.306177	0.260863	
0.320860	0.272544	0.000000	0.268885	0.252597	0.280068	0.256167	0.275456	0.251471	0.245962	0.261929	0.311909	0.321357	0.249755	0.270897	0.276662	0.279151	0.268286	0.315494	0.281579	0.325803	0.245243	0.258927	0.315596	0.263385	0.274982	0.273762	0.248249	0.327598	0.259717	0.258716	0.313574	0.253830	0.319568	0.274015	0.322771	0.261614	0.250105	0.266901	0.253646	0.250350	0.252769	0.280924	0.270126	0.265436	0.266047	0.267323	0.272701	0.324336	0.317503	0.264050	0.274412	0.327283	0.321499	0.245073	0.271049	0.269277	0.250491	0.281882	0.245161	0.266648	0.269031	0.262061	0.319751	0.252136	0.254325	0.313524	0.267088	0.250737	0.269695	0.259748	0.274411	0.322304	0.257026	0.296499	0.254932	0.268805	0.325854	0.269247	0.315553	0.280907	0.314623	0.250633	0.273345	0.270902	0.323960	0.258405	0.242517	0.315609	0.314007	0.277599	0.306584	0.271683	0.271295	0.316805	0.257761	0.233945	0.324179	0.277473	
0.303888	0.267933	0.268885	0.000000	0.269557	0.251099	0.273948	0.274149	0.264808	0.275248	0.275526	0.302985	0.306470	0.270234	0.271263	0.226793	0.264355	0.257361	0.310601	0.271133	0.303371	0.267526	0.266129	0.305568	0.268743	0.229665	0.268618	0.270726	0.308840	0.278913	0.268281	0.292672	0.273793	0.315498	0.265109	0.306007	0.270112	0.269032	0.226767	0.268134	0.268714	0.271320	0.232501	0.265485	0.253789	0.250918	0.253210	0.273766	0.306463	0.305712	0.256732	0.263764	0.308906	0.299888	0.266571	0.262740	0.264622	0.268062	0.240171	0.261734	0.284797	0.261055	0.266503	0.300090	0.265785	0.279394	0.302543	0.262579	0.262792	0.255698	0.279524	0.263324	0.309309	0.268227	0.287214	0.276049	0.261483	0.308075	0.265393	0.296604	0.225705	0.308331	0.273568	0.258835	0.269330	0.308559	0.265376	0.273730	0.298291	0.301648	0.269283	0.288077	0.269300	0.261218	0.302623	0.269876	0.280978	0.297506	0.265210	
0.323859	0.268429	0.252597	0.269557	0.000000	0.272696	0.261059	0.294224	0.249189	0.254469	0.250667	0.308498	0.325198	0.247840	0.268108	0.279798	0.277674	0.272963	0.321217	0.272321	0.328339	0.250688	0.264021	0.321889	0.255937	0.276293	0.273210	0.247592	0.323823	0.259942	0.259994	0.316223	0.256751	0.324073	0.267358	0.324993	0.257526	0.253527	0.276677	0.250756	0.248131	0.252771	0.279144	0.258065	0.258593	0.272035	0.269553	0.279635	0.328858	0.322525	0.263681	0.275251	0.325004	0.321516	0.250658	0.271409	0.274600	0.257999	0.281223	0.252519	0.269166	0.266513	0.262168	0.320807	0.256395	0.258495	0.309035	0.269768	0.250036	0.274588	0.259499	0.282051	0.326345	0.258907	0.314867	0.252531	0.278137	0.329130	0.267569	0.313347	0.279265	0.314417	0.252563	0.268747	0.267702	0.321253	0.245325	0.253179	0.328631	0.322134	0.271082	0.308176	0.274061	0.271926	0.324194	0.267965	0.260366	0.319773	0.268198	
0.295794	0.248330	0.280068	0.251099	0.272696	0.000000	0.264967	0.251001	0.274870	0.274804	0.279925	0.292197	0.292042	0.272418	0.276241	0.229776	0.255869	0.248212	0.294178	0.269022	0.305338	0.275615	0.255002	0.297611	0.265788	0.249742	0.281471	0.274490	0.288396	0.255442	0.262825	0.292750	0.282993	0.292785	0.271492	0.291425	0.273005	0.271769	0.230242	0.271861	0.277853	0.260618	0.254179	0.257900	0.264867	0.251990	0.250171	0.263013	0.301365	0.278823	0.265556	0.265842	0.307247	0.301053	0.269565	0.263583	0.255580	0.267894	0.246175	0.268798	0.270686	0.262836	0.265673	0.293876	0.269457	0.259871	0.285920	0.264806	0.265487	0.247568	0.267663	0.278270	0.291239	0.275639	0.286495	0.278689	0.254157	0.289627	0.249745	0.290860	0.246075	0.300714	0.269191	0.253016	0.261039	0.303948	0.272377	0.269745	0.296163	0.297713	0.268814	0.271661	0.268773	0.264346	0.310606	0.280622	0.264943	0.292382	0.279823	
0.320519	0.267122	0.256167	0.273948	0.261059	0.264967	0.000000	0.300489	0.260464	0.255472	0.251469	0.309897	0.317471	0.252489	0.269017	0.281301	0.276651	0.267982	0.314715	0.273292	0.322012	0.244175	0.259772	0.314909	0.259303	0.282047	0.265821	0.239492	0.323983	0.260033	0.265609	0.312848	0.258418	0.318273	0.268277	0.326404	0.262041	0.253301	0.279265	0.267199	0.262892	0.254605	0.283631	0.268666	0.260463	0.270270	0.265763	0.265911	0.324399	0.315073	0.271883	0.274905	0.323193	0.317352	0.245681	0.280509	0.276952	0.257180	0.276082	0.248062	0.275829	0.272505	0.265940	0.320566	0.252729	0.263693	0.307066	0.264250	0.245224	0.278096	0.265210	0.281683	0.320334	0.253187	0.320632	0.255239	0.272357	0.317898	0.267787	0.313143	0.278879	0.311695	0.253844	0.265491	0.270266	0.325756	0.251918	0.252680	0.316232	0.321496	0.267046	0.305787	0.268166	0.273873	0.323164	0.271479	0.271018	0.312058	0.273739	
0.299208	0.279841	0.275456	0.274149	0.294224	0.251001	0.300489	0.000000	0.275345	0.287995	0.305944	0.306613	0.306756	0.270095	0.283019	0.285461	0.297521	0.284360	0.307601	0.278795	0.290265	0.288085	0.268005	0.295967	0.270352	0.289568	0.273921	0.281324	0.308239	0.280401	0.290943	0.296930	0.298640	0.299279	0.285630	0.291889	0.304554	0.277679	0.265847	0.281250	0.286388	0.284031	0.278973	0.278960	0.280639	0.293054	0.279716	0.280797	0.307464	0.293839	0.291691	0.293214	0.294955	0.279290	0.271447	0.247637	0.278088	0.289769	0.252669	0.285528	0.275198	0.285883	0.297059	0.301909	0.286663	0.283019	0.295123	0.285462	0.271547	0.282797	0.267572	0.276887	0.300238	0.301418	0.320041	0.290456	0.290588	0.315852	0.285209	0.280992	0.271217	0.291469	0.279525	0.302672	0.298701	0.298463	0.283398	0.292197	0.303965	0.283629	0.276471	0.304803	0.285630	0.296482	0.289601	0.295931	0.285311	0.299759	0.277778	
0.326074	0.274148	0.251471	0.264808	0.249189	0.274870	0.260464	0.275345	0.000000	0.261019	0.256301	0.314293	0.331436	0.241221	0.273776	0.281919	0.284073	0.269716	0.318502	0.272505	0.328936	0.244236	0.268136	0.323720	0.260512	0.271995	0.287269	0.248855	0.331700	0.259753	0.259375	0.319333	0.246445	0.328872	0.279283	0.326857	0.260109	0.259774	0.273549	0.252256	0.254504	0.253511	0.283081	0.268090	0.263416	0.270578	0.274530	0.280879	0.327061	0.326995	0.269275	0.287599	0.333765	0.329223	0.255407	0.280801	0.281412	0.252079	0.281183	0.245170	0.267186	0.273782	0.262534	0.324559	0.252944	0.256953	0.309386	0.276718	0.255414	0.283475	0.265864	0.280533	0.332422	0.252799	0.315020	0.254464	0.279702	0.324632	0.275398	0.314347	0.280225	0.320763	0.250718	0.273057	0.275107	0.332088	0.243383	0.257805	0.319988	0.322313	0.274521	0.316919	0.265779	0.268365	0.328903	0.270804	0.270134	0.326678	0.276045	
0.330036	0.275916	0.245962	0.275248	0.254469	0.274804	0.255472	0.287995	0.261019	0.000000	0.256344	0.315354	0.324073	0.248352	0.268698	0.273788	0.272561	0.271655	0.325748	0.277825	0.322341	0.247037	0.262922	0.313903	0.264651	0.283297	0.277005	0.248039	0.335542	0.259649	0.265137	0.311321	0.256432	0.320098	0.277037	0.329437	0.268912	0.260541	0.267978	0.259784	0.255811	0.256698	0.281770	0.265498	0.253742	0.273649	0.266554	0.282640	0.323352	0.322526	0.271427	0.283201	0.325640	0.325147	0.254212	0.273027	0.279042	0.245787	0.277645	0.253844	0.262812	0.275186	0.260699	0.322818	0.251816	0.256843	0.307761	0.260247	0.251790	0.276139	0.264265	0.277217	0.322908	0.255621	0.308897	0.256833	0.276891	0.329051	0.275393	0.315922	0.278349	0.315657	0.251582	0.269640	0.276149	0.331271	0.254000	0.261562	0.325422	0.317073	0.264726	0.297781	0.272804	0.271955	0.317889	0.268740	0.266419	0.314128	0.273903	
0.325435	0.268046	0.261929	0.275526	0.250667	0.279925	0.251469	0.305944	0.256301	0.256344	0.000000	0.313021	0.322946	0.257109	0.273466	0.281718	0.271511	0.282271	0.316640	0.275931	0.337592	0.259511	0.261129	0.328591	0.263954	0.277280	0.283974	0.255717	0.327990	0.267344	0.270617	0.312925	0.259813	0.326051	0.271930	0.321864	0.264038	0.258514	0.262253	0.227309	0.235458	0.257564	0.276655	0.269437	0.264151	0.270804	0.272147	0.274223	0.327407	0.330126	0.271406	0.280799	0.331734	0.334330	0.256771	0.276274	0.281905	0.251345	0.289106	0.243243	0.279803	0.275080	0.264747	0.329911	0.255931	0.266076	0.314668	0.270443	0.254241	0.276059	0.270157	0.278597	0.332465	0.267185	0.322193	0.258955	0.288557	0.327928	0.266148	0.322298	0.277978	0.318598	0.250949	0.276338	0.271133	0.338591	0.245993	0.263636	0.330382	0.332991	0.271823	0.318548	0.280995	0.282205	0.328325	0.274274	0.274442	0.330449	0.282031	
0.238038	0.309992	0.311909	0.302985	0.308498	0.292197	0.309897	0.306613	0.314293	0.315354	0.313021	0.000000	0.234928	0.311243	0.302376	0.307474	0.305582	0.289735	0.239310	0.304748	0.239310	0.314679	0.296462	0.254161	0.313397	0.301664	0.317822	0.314548	0.247447	0.295342	0.309846	0.249053	0.306291	0.254603	0.304204	0.243371	0.310475	0.319395	0.309306	0.315305	0.318096	0.305569	0.299762	0.304348	0.313940	0.299390	0.292683	0.304035	0.241771	0.242712	0.296130	0.303971	0.255561	0.245925	0.308476	0.297277	0.290485	0.317142	0.304163	0.308125	0.321975	0.296200	0.307765	0.244228	0.314081	0.321937	0.235758	0.301985	0.314684	0.290073	0.303681	0.309889	0.247276	0.319763	0.263014	0.315864	0.304737	0.241281	0.296812	0.241852	0.309173	0.258270	0.304575	0.283704	0.303500	0.236587	0.306325	0.308976	0.240699	0.237815	0.309305	0.249334	0.290231	0.311952	0.253183	0.301928	0.301101	0.246549	0.292515	
0.223550	0.306145	0.321357	0.306470	0.325198	0.292042	0.317471	0.306756	0.331436	0.324073	0.322946	0.234928	0.000000	0.318045	0.301001	0.309664	0.303663	0.304733	0.231946	0.307241	0.227032	0.318926	0.309700	0.231576	0.321544	0.294831	0.312641	0.312589	0.231266	0.316083	0.310829	0.248889	0.320687	0.226227	0.306032	0.229059	0.310320	0.326528	0.302425	0.321852	0.328484	0.314849	0.309161	0.308626	0.316456	0.303630	0.301160	0.317073	0.224703	0.231244	0.300229	0.310087	0.228841	0.227559	0.320073	0.309019	0.310094	0.322894	0.308771	0.322106	0.307842	0.303368	0.318609	0.243014	0.320719	0.328153	0.244146	0.306604	0.324177	0.301609	0.321011	0.309374	0.229468	0.329469	0.265009	0.328545	0.305936	0.229897	0.307956	0.246926	0.305496	0.237354	0.320487	0.297338	0.295937	0.230780	0.315074	0.317569	0.231600	0.230746	0.300599	0.268007	0.299886	0.316807	0.227458	0.312465	0.308747	0.242324	0.299986	
0.318305	0.278346	0.249755	0.270234	0.247840	0.272418	0.252489	0.270095	0.241221	0.248352	0.257109	0.311243	0.318045	0.000000	0.265326	0.269258	0.272242	0.270077	0.314830	0.270445	0.323575	0.247150	0.259751	0.312588	0.253736	0.276355	0.269185	0.242030	0.318316	0.252242	0.260038	0.313326	0.249895	0.313999	0.264875	0.319933	0.260048	0.251433	0.269312	0.247095	0.246472	0.252800	0.281795	0.259975	0.258351	0.266060	0.269080	0.268586	0.318411	0.314619	0.264903	0.273632	0.324017	0.319328	0.246849	0.270602	0.268003	0.248038	0.281268	0.244175	0.273969	0.265743	0.255655	0.316867	0.247761	0.252325	0.301413	0.264640	0.243380	0.269202	0.260218	0.266975	0.317913	0.252664	0.307540	0.254993	0.273871	0.319392	0.265892	0.307595	0.276793	0.310881	0.246633	0.264602	0.263033	0.323088	0.246824	0.252821	0.316684	0.314834	0.265186	0.300205	0.266536	0.269572	0.314596	0.276625	0.262685	0.315343	0.271527	
0.306250	0.258168	0.270897	0.271263	0.268108	0.276241	0.269017	0.283019	0.273776	0.268698	0.273466	0.302376	0.301001	0.265326	0.000000	0.266173	0.255151	0.246705	0.299565	0.253866	0.303683	0.268155	0.256340	0.296865	0.263802	0.270806	0.252368	0.267180	0.302213	0.254303	0.256116	0.293320	0.277052	0.304599	0.253938	0.302825	0.261981	0.271018	0.263523	0.276893	0.277938	0.272143	0.277122	0.249156	0.274684	0.256690	0.257405	0.253766	0.304915	0.303280	0.252935	0.257017	0.306379	0.303810	0.270098	0.251596	0.264068	0.269961	0.272347	0.266318	0.275453	0.262287	0.267073	0.303291	0.270725	0.270918	0.292371	0.247950	0.262862	0.263203	0.261855	0.259122	0.306040	0.277196	0.300987	0.277796	0.262448	0.300032	0.253256	0.290561	0.265171	0.301705	0.269869	0.251643	0.260590	0.304144	0.272784	0.265828	0.308413	0.304857	0.252968	0.283472	0.250040	0.251538	0.295570	0.269134	0.261319	0.303148	0.255484	
0.305432	0.272191	0.276662	0.226793	0.279798	0.229776	0.281301	0.285461	0.281919	0.273788	0.281718	0.307474	0.309664	0.269258	0.266173	0.000000	0.270350	0.269128	0.302009	0.271641	0.300309	0.276971	0.263372	0.299421	0.281250	0.244234	0.269970	0.270217	0.304611	0.271336	0.272080	0.296901	0.275450	0.299899	0.267714	0.302633	0.272447	0.287116	0.233193	0.286756	0.284414	0.276336	0.242360	0.267218	0.268878	0.264039	0.263883	0.278870	0.303908	0.299492	0.263712	0.271128	0.302195	0.302371	0.280572	0.275417	0.271212	0.286096	0.233478	0.270827	0.269083	0.275659	0.279799	0.300325	0.283395	0.273239	0.294696	0.270380	0.278410	0.254914	0.278884	0.271821	0.303056	0.279174	0.303883	0.280276	0.271645	0.299788	0.272306	0.295605	0.237164	0.303115	0.271065	0.274232	0.273539	0.309239	0.276979	0.271453	0.303763	0.302277	0.257591	0.287829	0.263836	0.269167	0.303745	0.272247	0.274960	0.299816	0.270053	
0.311388	0.258610	0.279151	0.264355	0.277674	0.255869	0.276651	0.297521	0.284073	0.272561	0.271511	0.305582	0.303663	0.272242	0.255151	0.270350	0.000000	0.252669	0.300211	0.255235	0.309053	0.265773	0.246428	0.300960	0.280899	0.272832	0.255102	0.271975	0.307985	0.260674	0.263877	0.304452	0.274184	0.312653	0.256597	0.307367	0.271374	0.280264	0.266698	0.277996	0.276751	0.268351	0.275021	0.258870	0.284564	0.246453	0.247820	0.264351	0.311305	0.301466	0.258589	0.264921	0.306685	0.304452	0.275981	0.251502	0.257555	0.274055	0.276279	0.267569	0.274849	0.257608	0.268160	0.298655	0.276250	0.276709	0.300551	0.257404	0.282422	0.262586	0.271172	0.262279	0.305861	0.283305	0.299603	0.278162	0.262782	0.311582	0.259997	0.294985	0.264412	0.304745	0.277997	0.253729	0.254835	0.309889	0.273470	0.272954	0.306004	0.303402	0.252275	0.289333	0.257219	0.272915	0.307065	0.272475	0.260293	0.309011	0.251935	
0.306646	0.245970	0.268286	0.257361	0.272963	0.248212	0.267982	0.284360	0.269716	0.271655	0.282271	0.289735	0.304733	0.270077	0.246705	0.269128	0.252669	0.000000	0.295958	0.258277	0.305006	0.263492	0.250595	0.297800	0.268633	0.264786	0.262489	0.268655	0.301719	0.254874	0.255551	0.298860	0.269252	0.303523	0.255957	0.305993	0.262892	0.274166	0.252804	0.283672	0.282417	0.263246	0.274750	0.251261	0.271265	0.249073	0.250140	0.259673	0.304592	0.300747	0.250561	0.252214	0.301068	0.304738	0.269132	0.256226	0.259067	0.268724	0.268875	0.267649	0.277504	0.252276	0.266527	0.305061	0.263090	0.273574	0.288075	0.245865	0.272166	0.256063	0.265555	0.247967	0.298902	0.277591	0.302752	0.280180	0.249825	0.299436	0.252242	0.290363	0.264818	0.301178	0.270620	0.251254	0.251635	0.303328	0.270727	0.270493	0.308714	0.303738	0.241717	0.294009	0.247131	0.262733	0.303826	0.266037	0.264903	0.305842	0.252882	
0.227442	0.299628	0.315494	0.310601	0.321217	0.294178	0.314715	0.307601	0.318502	0.325748	0.316640	0.239310	0.231946	0.314830	0.299565	0.302009	0.300211	0.295958	0.000000	0.305856	0.235872	0.311196	0.298810	0.226138	0.318692	0.301246	0.310253	0.309480	0.223208	0.310834	0.307826	0.252005	0.314880	0.222126	0.307768	0.223645	0.302427	0.318755	0.302222	0.321834	0.325637	0.316461	0.310942	0.301752	0.312209	0.298767	0.302558	0.299053	0.229462	0.228386	0.296888	0.300545	0.225344	0.231697	0.314982	0.302266	0.301769	0.313263	0.311342	0.317512	0.318032	0.302508	0.310595	0.238055	0.315535	0.322781	0.244415	0.307671	0.313588	0.302024	0.311510	0.310809	0.231809	0.328606	0.265443	0.328966	0.309157	0.222723	0.300491	0.240528	0.302591	0.235979	0.317728	0.302037	0.302111	0.230294	0.313522	0.313940	0.226167	0.225816	0.299217	0.257688	0.300420	0.320025	0.227837	0.316111	0.305668	0.245545	0.302574	
0.309821	0.259690	0.281579	0.271133	0.272321	0.269022	0.273292	0.278795	0.272505	0.277825	0.275931	0.304748	0.307241	0.270445	0.253866	0.271641	0.255235	0.258277	0.305856	0.000000	0.310553	0.272432	0.254271	0.305250	0.276145	0.267775	0.247708	0.276968	0.310068	0.263476	0.268834	0.296312	0.274504	0.306442	0.256169	0.311224	0.269538	0.274958	0.267665	0.283209	0.284334	0.270304	0.276251	0.259602	0.286743	0.264582	0.256464	0.259684	0.307703	0.307454	0.253821	0.255637	0.312465	0.310035	0.273849	0.259231	0.255579	0.276428	0.272753	0.270785	0.271629	0.260022	0.262414	0.308291	0.279653	0.271074	0.292225	0.258386	0.275804	0.266211	0.274562	0.266339	0.310379	0.279736	0.305266	0.286580	0.261345	0.308724	0.254064	0.293936	0.275187	0.304854	0.274786	0.248821	0.259810	0.317447	0.275837	0.270405	0.307302	0.306328	0.254057	0.290700	0.253853	0.263409	0.308286	0.265204	0.266890	0.310686	0.252988	
0.224338	0.309074	0.325803	0.303371	0.328339	0.305338	0.322012	0.290265	0.328936	0.322341	0.337592	0.239310	0.227032	0.323575	0.303683	0.300309	0.309053	0.305006	0.235872	0.310553	0.000000	0.322908	0.305692	0.233164	0.322734	0.293259	0.303089	0.317851	0.226742	0.316048	0.312301	0.246065	0.326826	0.222828	0.304847	0.220973	0.312263	0.326008	0.300514	0.323480	0.329418	0.322359	0.310107	0.307563	0.316747	0.299814	0.299354	0.307924	0.227866	0.228551	0.300378	0.315503	0.226201	0.222643	0.325019	0.303162	0.304160	0.324639	0.307433	0.326838	0.321096	0.305851	0.311679	0.232387	0.321337	0.316886	0.245726	0.304555	0.322535	0.302557	0.316202	0.309007	0.226110	0.330153	0.261096	0.324229	0.304725	0.219014	0.308867	0.237875	0.305767	0.235780	0.319848	0.300575	0.308127	0.227605	0.325763	0.321627	0.228844	0.227353	0.300265	0.248769	0.298307	0.330579	0.226455	0.318812	0.308655	0.242189	0.304959	
0.317979	0.268232	0.245243	0.267526	0.250688	0.275615	0.244175	0.288085	0.244236	0.247037	0.259511	0.314679	0.318926	0.247150	0.268155	0.276971	0.265773	0.263492	0.311196	0.272432	0.322908	0.000000	0.260650	0.321479	0.258666	0.269784	0.272052	0.238644	0.315871	0.250141	0.260971	0.313789	0.255013	0.319226	0.272433	0.322736	0.254297	0.245182	0.280056	0.248874	0.250351	0.241413	0.282683	0.262987	0.256123	0.269642	0.268737	0.270932	0.321298	0.318613	0.260594	0.275614	0.321373	0.320282	0.242786	0.278891	0.268926	0.255106	0.278240	0.236927	0.263447	0.275004	0.254492	0.319506	0.247426	0.248329	0.303932	0.270537	0.247815	0.272319	0.256970	0.269052	0.316928	0.256873	0.309263	0.248267	0.275309	0.329982	0.266151	0.301254	0.273922	0.310044	0.247213	0.267537	0.261538	0.324820	0.248906	0.249036	0.323432	0.315219	0.268896	0.304168	0.266104	0.267177	0.319747	0.265629	0.265686	0.316844	0.268220	
0.305945	0.244517	0.258927	0.266129	0.264021	0.255002	0.259772	0.268005	0.268136	0.262922	0.261129	0.296462	0.309700	0.259751	0.256340	0.263372	0.246428	0.250595	0.298810	0.254271	0.305692	0.260650	0.000000	0.295077	0.264752	0.262895	0.253613	0.253560	0.304806	0.253322	0.252714	0.289784	0.265312	0.303269	0.244618	0.303677	0.259264	0.273159	0.265220	0.271139	0.272638	0.259575	0.252141	0.253492	0.262210	0.246338	0.254377	0.255897	0.302326	0.295927	0.247065	0.249030	0.297911	0.300601	0.272196	0.248430	0.254559	0.267665	0.264418	0.262932	0.273000	0.253596	0.263972	0.304526	0.272069	0.269764	0.293175	0.251748	0.254304	0.253785	0.258069	0.256292	0.301993	0.270055	0.296489	0.265561	0.252756	0.299198	0.241196	0.293550	0.265553	0.301636	0.266499	0.246577	0.247073	0.307455	0.260641	0.263631	0.307887	0.303035	0.247664	0.289517	0.244869	0.257367	0.299345	0.247098	0.258660	0.300169	0.254872	
0.233770	0.304971	0.315596	0.305568	0.321889	0.297611	0.314909	0.295967	0.323720	0.313903	0.328591	0.254161	0.231576	0.312588	0.296865	0.299421	0.300960	0.297800	0.226138	0.305250	0.233164	0.321479	0.295077	0.000000	0.319589	0.295455	0.311860	0.305853	0.221908	0.303680	0.311980	0.250106	0.312156	0.228399	0.304734	0.224435	0.308061	0.323430	0.310458	0.320045	0.322227	0.315449	0.308324	0.301972	0.307954	0.304008	0.301708	0.311690	0.226298	0.232022	0.296479	0.298224	0.226348	0.228753	0.316815	0.302126	0.298434	0.318951	0.303808	0.323974	0.313103	0.298804	0.313246	0.240057	0.319222	0.317616	0.244651	0.306456	0.315938	0.302953	0.311612	0.314648	0.235519	0.323882	0.256052	0.322343	0.303094	0.223056	0.305915	0.247674	0.305929	0.234573	0.316808	0.297077	0.303048	0.232538	0.313220	0.311008	0.231011	0.229970	0.297035	0.258930	0.300450	0.309435	0.227005	0.309365	0.305595	0.245168	0.299859	
0.318102	0.271184	0.263385	0.268743	0.255937	0.265788	0.259303	0.270352	0.260512	0.264651	0.263954	0.313397	0.321544	0.253736	0.263802	0.281250	0.280899	0.268633	0.318692	0.276145	0.322734	0.258666	0.264752	0.319589	0.000000	0.278479	0.280375	0.261918	0.317919	0.268423	0.265744	0.312888	0.268050	0.328371	0.274479	0.320722	0.264308	0.262863	0.270546	0.257188	0.254556	0.261145	0.280289	0.272427	0.264621	0.273958	0.270317	0.276217	0.319400	0.318208	0.276923	0.288063	0.330449	0.324558	0.261754	0.279163	0.286716	0.259638	0.279113	0.255671	0.275419	0.279270	0.268244	0.324195	0.259708	0.261338	0.305814	0.273094	0.252662	0.278091	0.268047	0.276427	0.322650	0.264977	0.316514	0.267042	0.278759	0.326483	0.265555	0.319712	0.285694	0.312150	0.257028	0.273222	0.280651	0.326848	0.261656	0.255582	0.325984	0.328532	0.273157	0.304265	0.272114	0.272158	0.318834	0.271587	0.277979	0.317661	0.270485	
0.305543	0.276320	0.274982	0.229665	0.276293	0.249742	0.282047	0.289568	0.271995	0.283297	0.277280	0.301664	0.294831	0.276355	0.270806	0.244234	0.272832	0.264786	0.301246	0.267775	0.293259	0.269784	0.262895	0.295455	0.278479	0.000000	0.268414	0.270610	0.300489	0.266972	0.277761	0.295190	0.273927	0.296318	0.273820	0.295030	0.268537	0.280852	0.237870	0.279502	0.283695	0.283159	0.233367	0.267773	0.262999	0.274807	0.266743	0.275322	0.302366	0.298907	0.266371	0.267798	0.303917	0.298009	0.270552	0.270457	0.271020	0.275773	0.240510	0.267220	0.275467	0.273416	0.273402	0.299336	0.276664	0.273399	0.286712	0.272259	0.273521	0.252691	0.275561	0.267382	0.303017	0.275907	0.300932	0.281978	0.260932	0.296142	0.268240	0.295204	0.235421	0.294993	0.273458	0.269179	0.265535	0.311388	0.279904	0.274487	0.302573	0.301147	0.269511	0.292443	0.265009	0.268007	0.302071	0.264215	0.277309	0.298035	0.273798	
0.314860	0.263794	0.273762	0.268618	0.273210	0.281471	0.265821	0.273921	0.287269	0.277005	0.283974	0.317822	0.312641	0.269185	0.252368	0.269970	0.255102	0.262489	0.310253	0.247708	0.303089	0.272052	0.253613	0.311860	0.280375	0.268414	0.000000	0.270167	0.312602	0.269288	0.264229	0.296088	0.278419	0.310230	0.259122	0.311045	0.261961	0.280632	0.269814	0.283774	0.283736	0.276539	0.275156	0.251107	0.285375	0.257904	0.260104	0.259919	0.312629	0.304580	0.253950	0.260955	0.309446	0.307021	0.273202	0.259271	0.260441	0.274084	0.269231	0.265860	0.276712	0.260145	0.265204	0.309272	0.283573	0.280929	0.292568	0.258904	0.276850	0.262498	0.264966	0.268084	0.307727	0.282798	0.303784	0.279383	0.259254	0.306377	0.262590	0.296039	0.274711	0.301078	0.267910	0.245769	0.256138	0.315470	0.278000	0.280320	0.310150	0.305979	0.252504	0.290295	0.255639	0.255572	0.302994	0.272436	0.266902	0.306822	0.262963	
0.317376	0.273627	0.248249	0.270726	0.247592	0.274490	0.239492	0.281324	0.248855	0.248039	0.255717	0.314548	0.312589	0.242030	0.267180	0.270217	0.271975	0.268655	0.309480	0.276968	0.317851	0.238644	0.253560	0.305853	0.261918	0.270610	0.270167	0.000000	0.318195	0.257451	0.258508	0.298751	0.250000	0.312348	0.267870	0.317231	0.251399	0.243606	0.267940	0.255593	0.251326	0.251294	0.277466	0.265660	0.255735	0.261917	0.263173	0.268059	0.317029	0.307422	0.265278	0.269750	0.316077	0.314118	0.257387	0.268523	0.274021	0.250455	0.274751	0.245214	0.254033	0.271520	0.258366	0.314431	0.249006	0.249226	0.299480	0.268784	0.242195	0.267507	0.260031	0.273109	0.316994	0.250945	0.310610	0.246346	0.271331	0.311102	0.263357	0.305808	0.268296	0.311136	0.246320	0.261856	0.258194	0.323006	0.243973	0.257657	0.313877	0.308622	0.267718	0.295226	0.260930	0.268746	0.311859	0.267754	0.260165	0.307171	0.268508	
0.229697	0.304253	0.327598	0.308840	0.323823	0.288396	0.323983	0.308239	0.331700	0.335542	0.327990	0.247447	0.231266	0.318316	0.302213	0.304611	0.307985	0.301719	0.223208	0.310068	0.226742	0.315871	0.304806	0.221908	0.317919	0.300489	0.312602	0.318195	0.000000	0.318406	0.312591	0.253919	0.331263	0.225141	0.303448	0.219240	0.312958	0.333568	0.297812	0.327467	0.330289	0.324138	0.306235	0.306826	0.317647	0.307379	0.305979	0.313121	0.233860	0.219960	0.307205	0.306177	0.227164	0.230358	0.324373	0.306371	0.303419	0.321122	0.308571	0.319661	0.325255	0.300478	0.311439	0.228401	0.326236	0.323036	0.244249	0.308548	0.329811	0.305979	0.312931	0.312122	0.232236	0.332534	0.267265	0.321075	0.314739	0.224487	0.311436	0.243137	0.307094	0.234201	0.326136	0.300905	0.306832	0.234175	0.326828	0.311756	0.235083	0.231008	0.306472	0.256236	0.303290	0.320033	0.230394	0.314086	0.313597	0.250781	0.303261	
0.314237	0.262122	0.259717	0.278913	0.259942	0.255442	0.260033	0.280401	0.259753	0.259649	0.267344	0.295342	0.316083	0.252242	0.254303	0.271336	0.260674	0.254874	0.310834	0.263476	0.316048	0.250141	0.253322	0.303680	0.268423	0.266972	0.269288	0.257451	0.318406	0.000000	0.258266	0.304274	0.264429	0.309384	0.261661	0.311955	0.257463	0.264978	0.264905	0.264220	0.264615	0.256931	0.270552	0.258440	0.263856	0.257427	0.252457	0.264870	0.311903	0.317465	0.258756	0.268770	0.312157	0.314130	0.264131	0.259892	0.262071	0.263534	0.275151	0.259322	0.270063	0.259518	0.255937	0.310160	0.255328	0.267406	0.301800	0.260443	0.255295	0.261749	0.262222	0.266358	0.306556	0.265928	0.306031	0.264039	0.265249	0.312932	0.263556	0.297168	0.268890	0.298949	0.260784	0.259554	0.260921	0.319803	0.261849	0.269732	0.314588	0.311088	0.256324	0.299815	0.262878	0.260555	0.312107	0.270533	0.259919	0.305288	0.264371	
0.308353	0.266030	0.258716	0.268281	0.259994	0.262825	0.265609	0.290943	0.259375	0.265137	0.270617	0.309846	0.310829	0.260038	0.256116	0.272080	0.263877	0.255551	0.307826	0.268834	0.312301	0.260971	0.252714	0.311980	0.265744	0.277761	0.264229	0.258508	0.312591	0.258266	0.000000	0.306125	0.256939	0.309945	0.263043	0.305240	0.260371	0.264957	0.266315	0.262685	0.260379	0.257358	0.278409	0.260725	0.265139	0.264819	0.264749	0.273252	0.319384	0.306045	0.264859	0.265764	0.318261	0.311330	0.262914	0.254978	0.265712	0.264915	0.271816	0.258654	0.280405	0.258873	0.258927	0.309200	0.266383	0.262948	0.297716	0.256526	0.265167	0.266605	0.270290	0.263486	0.310526	0.264266	0.303810	0.270660	0.262556	0.314215	0.263082	0.303641	0.269920	0.299536	0.255851	0.254465	0.255460	0.316279	0.258262	0.266376	0.310727	0.311040	0.264931	0.295849	0.262129	0.268737	0.306749	0.275232	0.257075	0.311082	0.262102	
0.248708	0.302253	0.313574	0.292672	0.316223	0.292750	0.312848	0.296930	0.319333	0.311321	0.312925	0.249053	0.248889	0.313326	0.293320	0.296901	0.304452	0.298860	0.252005	0.296312	0.246065	0.313789	0.289784	0.250106	0.312888	0.295190	0.296088	0.298751	0.253919	0.304274	0.306125	0.000000	0.310836	0.245824	0.292001	0.242488	0.303150	0.319146	0.297069	0.312201	0.313833	0.313422	0.299901	0.301152	0.305190	0.299069	0.291367	0.304098	0.246199	0.242766	0.289108	0.295082	0.251515	0.254921	0.314932	0.297143	0.292312	0.313353	0.300042	0.322298	0.310952	0.297627	0.306754	0.248583	0.311742	0.310248	0.241456	0.297286	0.317715	0.295153	0.301391	0.302080	0.246755	0.325545	0.253917	0.318548	0.296281	0.244347	0.295266	0.241568	0.297854	0.255552	0.310836	0.302322	0.293337	0.255807	0.309654	0.308860	0.259492	0.253367	0.292543	0.252675	0.288823	0.308824	0.252254	0.310585	0.298094	0.234335	0.292260	
0.320281	0.270837	0.253830	0.273793	0.256751	0.282993	0.258418	0.298640	0.246445	0.256432	0.259813	0.306291	0.320687	0.249895	0.277052	0.275450	0.274184	0.269252	0.314880	0.274504	0.326826	0.255013	0.265312	0.312156	0.268050	0.273927	0.278419	0.250000	0.331263	0.264429	0.256939	0.310836	0.000000	0.319085	0.272115	0.318540	0.263764	0.264058	0.270478	0.258807	0.251156	0.253369	0.283298	0.270839	0.263738	0.281197	0.267267	0.279006	0.325925	0.319470	0.272982	0.280929	0.324419	0.324070	0.253424	0.273724	0.279589	0.255023	0.278364	0.254540	0.268567	0.274513	0.263335	0.326915	0.256294	0.255773	0.305113	0.274681	0.249859	0.275071	0.263608	0.274744	0.323326	0.256183	0.309814	0.259625	0.282731	0.320243	0.270494	0.317550	0.279188	0.313720	0.257774	0.270630	0.271292	0.330425	0.247183	0.247264	0.317285	0.314311	0.276673	0.309735	0.273976	0.273839	0.321127	0.269678	0.277111	0.320487	0.272420	
0.219094	0.304804	0.319568	0.315498	0.324073	0.292785	0.318273	0.299279	0.328872	0.320098	0.326051	0.254603	0.226227	0.313999	0.304599	0.299899	0.312653	0.303523	0.222126	0.306442	0.222828	0.319226	0.303269	0.228399	0.328371	0.296318	0.310230	0.312348	0.225141	0.309384	0.309945	0.245824	0.319085	0.000000	0.302987	0.224942	0.305172	0.327495	0.296119	0.325338	0.330992	0.317255	0.309912	0.310553	0.313377	0.304242	0.301857	0.307692	0.230802	0.225974	0.299497	0.302450	0.234499	0.237179	0.316697	0.305564	0.294737	0.324278	0.305524	0.322520	0.313885	0.302239	0.311095	0.230747	0.321626	0.317677	0.248971	0.306421	0.319436	0.297965	0.314105	0.314142	0.228020	0.326716	0.266275	0.323041	0.302983	0.226603	0.310067	0.249569	0.305652	0.240132	0.317442	0.302118	0.302209	0.226906	0.317827	0.312709	0.228113	0.224185	0.303868	0.260156	0.299957	0.311583	0.229499	0.319921	0.303150	0.246341	0.302074	
0.308672	0.248839	0.274015	0.265109	0.267358	0.271492	0.268277	0.285630	0.279283	0.277037	0.271930	0.304204	0.306032	0.264875	0.253938	0.267714	0.256597	0.255957	0.307768	0.256169	0.304847	0.272433	0.244618	0.304734	0.274479	0.273820	0.259122	0.267870	0.303448	0.261661	0.263043	0.292001	0.272115	0.302987	0.000000	0.314961	0.269188	0.279076	0.263490	0.275133	0.281800	0.272409	0.274275	0.258715	0.278585	0.263025	0.255719	0.261605	0.307088	0.300915	0.250805	0.258506	0.307303	0.305353	0.275199	0.252846	0.250111	0.269721	0.271809	0.265409	0.273175	0.257135	0.271191	0.303249	0.269575	0.271532	0.299970	0.256094	0.271797	0.265716	0.264352	0.250070	0.300056	0.276858	0.291801	0.275222	0.256815	0.307541	0.250735	0.302593	0.266282	0.299594	0.269857	0.252358	0.249295	0.302499	0.267672	0.283771	0.305618	0.305105	0.251152	0.286798	0.255980	0.255684	0.310030	0.253533	0.269122	0.308595	0.254839	
0.221887	0.308421	0.322771	0.306007	0.324993	0.291425	0.326404	0.291889	0.326857	0.329437	0.321864	0.243371	0.229059	0.319933	0.302825	0.302633	0.307367	0.305993	0.223645	0.311224	0.220973	0.322736	0.303677	0.224435	0.320722	0.295030	0.311045	0.317231	0.219240	0.311955	0.305240	0.242488	0.318540	0.224942	0.314961	0.000000	0.311674	0.316610	0.300868	0.326680	0.325617	0.322513	0.307301	0.305368	0.313429	0.303877	0.305113	0.310568	0.226742	0.219932	0.301335	0.305906	0.227247	0.223956	0.314536	0.299850	0.303739	0.321047	0.301759	0.325524	0.317107	0.303035	0.315812	0.233385	0.320205	0.319206	0.239147	0.315471	0.315701	0.299433	0.315531	0.306676	0.232689	0.326341	0.256098	0.323209	0.308588	0.219774	0.309962	0.242544	0.306324	0.237519	0.325159	0.303923	0.301490	0.225211	0.314437	0.313763	0.234141	0.232741	0.301837	0.256082	0.299396	0.328554	0.219327	0.310287	0.317716	0.243688	0.304005	
0.315390	0.264911	0.261614	0.270112	0.257526	0.273005	0.262041	0.304554	0.260109	0.268912	0.264038	0.310475	0.310320	0.260048	0.261981	0.272447	0.271374	0.262892	0.302427	0.269538	0.312263	0.254297	0.259264	0.308061	0.264308	0.268537	0.261961	0.251399	0.312958	0.257463	0.260371	0.303150	0.263764	0.305172	0.269188	0.311674	0.000000	0.266909	0.275257	0.260577	0.265660	0.264426	0.280006	0.257875	0.274637	0.266318	0.272982	0.269302	0.315132	0.308602	0.267404	0.268304	0.312307	0.313017	0.262320	0.271910	0.265230	0.269516	0.278362	0.260055	0.272304	0.269139	0.264459	0.307899	0.265823	0.268322	0.295536	0.265443	0.259675	0.269808	0.264949	0.268385	0.312658	0.271886	0.294789	0.258060	0.269091	0.309990	0.267507	0.304964	0.281896	0.305968	0.255194	0.269617	0.264518	0.321073	0.264765	0.265721	0.311754	0.308817	0.260305	0.294914	0.259233	0.271109	0.312500	0.278889	0.268572	0.305995	0.268512	
0.326466	0.273994	0.250105	0.269032	0.253527	0.271769	0.253301	0.277679	0.259774	0.260541	0.258514	0.319395	0.326528	0.251433	0.271018	0.287116	0.280264	0.274166	0.318755	0.274958	0.326008	0.245182	0.273159	0.323430	0.262863	0.280852	0.280632	0.243606	0.333568	0.264978	0.264957	0.319146	0.264058	0.327495	0.279076	0.316610	0.266909	0.000000	0.273660	0.255036	0.251466	0.251540	0.288908	0.270248	0.268169	0.264542	0.266199	0.274614	0.324965	0.321424	0.268467	0.276242	0.326456	0.322694	0.254387	0.273244	0.280137	0.252450	0.281110	0.251149	0.275787	0.276566	0.269086	0.322795	0.248899	0.256236	0.303850	0.277731	0.252031	0.274915	0.265911	0.280655	0.323922	0.255289	0.314158	0.254535	0.276932	0.324085	0.273058	0.314934	0.280236	0.313182	0.257893	0.272312	0.275345	0.323278	0.245509	0.260578	0.318480	0.316954	0.275087	0.303590	0.279642	0.278329	0.316360	0.274461	0.277289	0.316109	0.274705	
0.306059	0.257128	0.266901	0.226767	0.276677	0.230242	0.279265	0.265847	0.273549	0.267978	0.262253	0.309306	0.302425	0.269312	0.263523	0.233193	0.266698	0.252804	0.302222	0.267665	0.300514	0.280056	0.265220	0.310458	0.270546	0.237870	0.269814	0.267940	0.297812	0.264905	0.266315	0.297069	0.270478	0.296119	0.263490	0.300868	0.275257	0.273660	0.000000	0.278271	0.276457	0.269734	0.223369	0.265297	0.258345	0.246003	0.264781	0.262443	0.296322	0.293399	0.264644	0.262266	0.300398	0.303313	0.270709	0.254555	0.256707	0.265340	0.239953	0.262354	0.265686	0.268333	0.267320	0.298493	0.276278	0.277369	0.287567	0.260961	0.261164	0.258604	0.280149	0.265497	0.303236	0.277674	0.305301	0.280319	0.269949	0.300987	0.268395	0.291258	0.233169	0.297525	0.256849	0.264447	0.271120	0.314024	0.267236	0.270236	0.296712	0.293886	0.265938	0.288147	0.255483	0.260461	0.301451	0.271638	0.269298	0.312662	0.264857	
0.325891	0.271291	0.253646	0.268134	0.250756	0.271861	0.267199	0.281250	0.252256	0.259784	0.227309	0.315305	0.321852	0.247095	0.276893	0.286756	0.277996	0.283672	0.321834	0.283209	0.323480	0.248874	0.271139	0.320045	0.257188	0.279502	0.283774	0.255593	0.327467	0.264220	0.262685	0.312201	0.258807	0.325338	0.275133	0.326680	0.260577	0.255036	0.278271	0.000000	0.130853	0.253850	0.283483	0.278454	0.270933	0.276176	0.265890	0.279742	0.327627	0.321278	0.270232	0.279832	0.330525	0.327031	0.255521	0.278418	0.278883	0.253572	0.289861	0.253834	0.268453	0.273122	0.264341	0.325847	0.250852	0.252067	0.310632	0.272765	0.255990	0.277456	0.264101	0.282734	0.329021	0.253997	0.304929	0.254643	0.276286	0.325866	0.274153	0.314602	0.288086	0.319793	0.253966	0.275476	0.270824	0.329263	0.255354	0.250527	0.323297	0.317840	0.274200	0.307550	0.275105	0.276468	0.325246	0.269604	0.271783	0.325558	0.270889	
0.331286	0.272376	0.250350	0.268714	0.248131	0.277853	0.262892	0.286388	0.254504	0.255811	0.235458	0.318096	0.328484	0.246472	0.277938	0.284414	0.276751	0.282417	0.325637	0.284334	0.329418	0.250351	0.272638	0.322227	0.254556	0.283695	0.283736	0.251326	0.330289	0.264615	0.260379	0.313833	0.251156	0.330992	0.281800	0.325617	0.265660	0.251466	0.276457	0.130853	0.000000	0.254855	0.284751	0.281403	0.264491	0.275787	0.271849	0.277222	0.329366	0.327434	0.267850	0.282147	0.335809	0.326856	0.256894	0.278260	0.280421	0.258110	0.286494	0.246594	0.260976	0.276816	0.263620	0.329151	0.246704	0.254347	0.312064	0.278423	0.250839	0.271365	0.264636	0.282600	0.334129	0.256859	0.310507	0.248526	0.281049	0.324803	0.271241	0.311932	0.282325	0.322802	0.252663	0.276608	0.272444	0.329644	0.261767	0.255400	0.325647	0.325379	0.276314	0.312577	0.275684	0.282268	0.326877	0.281051	0.270570	0.327455	0.272778	
0.315255	0.266378	0.252769	0.271320	0.252771	0.260618	0.254605	0.284031	0.253511	0.256698	0.257564	0.305569	0.314849	0.252800	0.272143	0.276336	0.268351	0.263246	0.316461	0.270304	0.322359	0.241413	0.259575	0.315449	0.261145	0.283159	0.276539	0.251294	0.324138	0.256931	0.257358	0.313422	0.253369	0.317255	0.272409	0.322513	0.264426	0.251540	0.269734	0.253850	0.254855	0.000000	0.278317	0.264661	0.260814	0.258260	0.264842	0.273027	0.321078	0.318508	0.267012	0.275680	0.320556	0.323855	0.253492	0.272659	0.268923	0.249194	0.277941	0.245133	0.262784	0.271582	0.265466	0.321424	0.249361	0.250923	0.301561	0.272091	0.252769	0.274484	0.266480	0.274993	0.318246	0.258589	0.311849	0.249367	0.269118	0.315159	0.261825	0.310301	0.276653	0.312789	0.249965	0.262203	0.271217	0.318641	0.242067	0.245062	0.313302	0.306580	0.267216	0.305989	0.270629	0.271618	0.314025	0.272803	0.266878	0.316942	0.274017	
0.312815	0.276420	0.280924	0.232501	0.279144	0.254179	0.283631	0.278973	0.283081	0.281770	0.276655	0.299762	0.309161	0.281795	0.277122	0.242360	0.275021	0.274750	0.310942	0.276251	0.310107	0.282683	0.252141	0.308324	0.280289	0.233367	0.275156	0.277466	0.306235	0.270552	0.278409	0.299901	0.283298	0.309912	0.274275	0.307301	0.280006	0.288908	0.223369	0.283483	0.284751	0.278317	0.000000	0.273917	0.273963	0.264721	0.267588	0.279505	0.312236	0.302220	0.274223	0.277570	0.305532	0.306533	0.281920	0.267078	0.275615	0.279561	0.237746	0.269545	0.279868	0.275770	0.278238	0.305094	0.280371	0.281199	0.300254	0.273994	0.276377	0.255745	0.277520	0.271461	0.310778	0.286660	0.307347	0.293669	0.273570	0.306342	0.270962	0.304887	0.233983	0.303546	0.282713	0.270466	0.274653	0.317816	0.280372	0.281479	0.311554	0.306540	0.272523	0.286748	0.277083	0.272426	0.310063	0.276696	0.272131	0.302415	0.273215	
0.310774	0.251315	0.270126	0.265485	0.258065	0.257900	0.268666	0.278960	0.268090	0.265498	0.269437	0.304348	0.308626	0.259975	0.249156	0.267218	0.258870	0.251261	0.301752	0.259602	0.307563	0.262987	0.253492	0.301972	0.272427	0.267773	0.251107	0.265660	0.306826	0.258440	0.260725	0.301152	0.270839	0.310553	0.258715	0.305368	0.257875	0.270248	0.265297	0.278454	0.281403	0.264661	0.273917	0.000000	0.277097	0.253497	0.254874	0.258771	0.308782	0.307822	0.249650	0.251630	0.308394	0.309384	0.261973	0.250487	0.256346	0.262782	0.265910	0.262383	0.264843	0.248358	0.264377	0.304999	0.272495	0.272445	0.296059	0.261235	0.264360	0.257533	0.265183	0.262598	0.305130	0.269349	0.300223	0.266845	0.259016	0.304734	0.258642	0.300967	0.264764	0.300728	0.265123	0.253056	0.260392	0.314017	0.260791	0.268545	0.304231	0.306285	0.245741	0.287826	0.247588	0.255732	0.304466	0.273155	0.257832	0.311007	0.250386	
