0.00000000099999999979 0.00000000099999999979 0.00000000099999999979 0.00000000099999999979 0.00000000099999999979 0.99999999500000003039 
0.39025083497632545582 0.60974916102367471282 0.00000000099999999996 0.00000000099999999996 0.00000000099999999996 0.00000000099999999996 
0.00000000099999999993 0.00000000099999999993 0.00000000099999999993 0.00000000099999999993 0.99999999500000003039 0.00000000099999999993 
0.00000000099999999993 0.00000000099999999993 0.99999999500000003039 0.00000000099999999993 0.00000000099999999993 0.00000000099999999993 
0.00000000099999999997 0.00000000099999999997 0.00000000099999999997 0.05153028699304274679 0.94846970900695726225 0.00000000099999999997 
0.00000000099999999998 0.27096861679702577419 0.72903137920297411689 0.00000000099999999998 0.00000000099999999998 0.00000000099999999998 
0.00000000099999999998 0.06620967652914036550 0.00000000099999999998 0.00020812003865751632 0.93358220043220208062 0.00000000099999999998 
0.00000000100000000000 0.44696650783854435796 0.26006909889726037566 0.00000000115855271338 0.10280423634735975924 0.19016015475828268455 
0.00103138133280720697 0.00000622229325017242 0.00000000099999999998 0.00000000099999999998 0.99896239337394265867 0.00000000099999999998 
0.00000000099999999995 0.00000000099999999995 0.00000000099999999995 0.00000000099999999995 0.99999999500000003039 0.00000000099999999995 
0.00005677827109252655 0.00000000099999999998 0.00000000099999999998 0.00000000099999999998 0.99994321772890748523 0.00000000099999999998 
0.00000000099999999999 0.12914189223260000294 0.00000000099999999999 0.00028094260198412196 0.03318645305862751721 0.83739071010678844953 
0.00000000099999999996 0.00000000099999999996 0.00000000099999999996 0.00000000099999999996 0.00000000099999999996 0.99999999500000003039 
0.00000000099999999993 0.00000000099999999993 0.00000000099999999993 0.00000000099999999993 0.99999999499999991937 0.00000000099999999993 
0.22462396458514768960 0.28220581915399400863 0.00000000099999999998 0.49317021326085835886 0.00000000099999999998 0.00000000099999999998 
0.00000000099999999979 0.00000000099999999979 0.99999999500000003039 0.00000000099999999979 0.00000000099999999979 0.00000000099999999979 
0.00000000099999999994 0.50645453101493931314 0.00000000099999999994 0.49354546498506074448 0.00000000099999999994 0.00000000099999999994 
0.63751311820575795597 0.00000000099999999995 0.00000000099999999995 0.36248687779424226818 0.00000000099999999995 0.00000000099999999995 
0.00000000099999999978 0.00000000099999999978 0.00000000099999999978 0.00000000099999999978 0.00000000099999999978 0.99999999499999991937 
0.99999999500000014141 0.00000000099999999985 0.00000000099999999985 0.00000000099999999985 0.00000000099999999985 0.00000000099999999985 
0.00000000099999999971 0.00000000099999999971 0.00000000099999999971 0.00000000099999999971 0.00000000099999999971 0.99999999500000003039 
0.00000000099999999991 0.00000000099999999991 0.00000000099999999991 0.00000000099999999991 0.99999999499999991937 0.00000000099999999991 
0.00000000099999999988 0.99999999500000014141 0.00000000099999999988 0.00000000099999999988 0.00000000099999999988 0.00000000099999999988 
0.00000000099999999990 0.00000000099999999990 0.00000000099999999990 0.00000000099999999990 0.00000000099999999990 0.99999999499999991937 
0.00000000099999999995 0.07684598907776597765 0.00000000099999999995 0.00000000099999999995 0.92315400692223392731 0.00000000099999999995 
0.00000000099999999990 0.00000000099999999990 0.99999999499999991937 0.00000000099999999990 0.00000000099999999990 0.00000000099999999990 
0.99999999500000003039 0.00000000099999999992 0.00000000099999999992 0.00000000099999999992 0.00000000099999999992 0.00000000099999999992 
0.00000000099999999996 0.00000000099999999996 0.00000000099999999996 0.00000000099999999996 0.99999999500000003039 0.00000000099999999996 
0.00000000099999999976 0.00000000099999999976 0.00000000099999999976 0.00000000099999999976 0.00000000099999999976 0.99999999500000003039 
0.00020479080451770755 0.55942013566418025139 0.00000000099999999996 0.00000000099999999996 0.44037507053130187096 0.00000000099999999996 
0.11217856814057794446 0.33669675564388956701 0.00000000099999999998 0.13580131457056784927 0.41532335964496458480 0.00000000099999999998 
0.00000000099999999997 0.16049696426082304956 0.00000000099999999997 0.00000000099999999997 0.00000000099999999997 0.83950303173917684152 
0.00000000099999999992 0.00000000099999999992 0.00000000099999999992 0.00000000099999999992 0.99999999499999991937 0.00000000099999999992 
0.00000000099999999984 0.00000000099999999984 0.00000000099999999984 0.00000000099999999984 0.00000000099999999984 0.99999999499999991937 
0.99999999500000014141 0.00000000099999999986 0.00000000099999999986 0.00000000099999999986 0.00000000099999999986 0.00000000099999999986 
0.00000000099999999980 0.00000000099999999980 0.00000000099999999980 0.00000000099999999980 0.00000000099999999980 0.99999999500000003039 
0.25707078916452991146 0.22771706848083253516 0.00000000099999999998 0.00000000099999999998 0.51521213935463749944 0.00000000099999999998 
0.00000000099999999990 0.00000000099999999990 0.00000000099999999990 0.00000000099999999990 0.99999999499999991937 0.00000000099999999990 
0.00000000099999999995 0.00000000099999999995 0.99999999499999991937 0.00000000099999999995 0.00000000099999999995 0.00000000099999999995 
0.00000000099999999991 0.00000000099999999991 0.00000000099999999991 0.00000000099999999991 0.99999999500000003039 0.00000000099999999991 
0.00000000099999999995 0.00000000099999999995 0.00000000099999999995 0.00000000099999999995 0.99999999499999991937 0.00000000099999999995 
0.00000000099999999979 0.00000000099999999979 0.99999999500000003039 0.00000000099999999979 0.00000000099999999979 0.00000000099999999979 
0.25581462816838879126 0.54109659217477978910 0.00000000099999999996 0.20308877665683156000 0.00000000099999999996 0.00000000099999999996 
0.00000000099999999993 0.00000000099999999993 0.36012469712218408979 0.00000000099999999993 0.63987529887781580129 0.00000000099999999993 
0.00000000099999999995 0.99999999500000014141 0.00000000099999999995 0.00000000099999999995 0.00000000099999999995 0.00000000099999999995 
0.00000000099999999989 0.00000000099999999989 0.00000000099999999989 0.99999999500000003039 0.00000000099999999989 0.00000000099999999989 
0.41054572051863658100 0.31285518802792666726 0.00000000099999999997 0.27659908845343694761 0.00000000099999999997 0.00000000099999999997 
0.00000000099999999976 0.00000000099999999976 0.00000000099999999976 0.00000000099999999976 0.00000000099999999976 0.99999999499999991937 
0.00000000099999999978 0.00000000099999999978 0.00000000099999999978 0.00000000099999999978 0.00000000099999999978 0.99999999500000003039 
0.55362216883588744043 0.44637782716411272821 0.00000000099999999996 0.00000000099999999996 0.00000000099999999996 0.00000000099999999996 
0.00000000099999999988 0.00000000099999999988 0.00000000099999999988 0.99999999500000003039 0.00000000099999999988 0.00000000099999999988 
0.00000000099999999988 0.00000000099999999988 0.00000000099999999988 0.00000000099999999988 0.00000000099999999988 0.99999999499999991937 
0.00000000099999999983 0.00000000099999999983 0.00000000099999999983 0.00000000099999999983 0.00000000099999999983 0.99999999500000003039 
0.00000000099999999994 0.00000000099999999994 0.00000000099999999994 0.05461092130192889832 0.94538907469807098582 0.00000000099999999994 
0.00000000099999999996 0.70324322318915621910 0.00000000099999999996 0.29675677281084389403 0.00000000099999999996 0.00000000099999999996 
0.00000000099999999988 0.00000000099999999988 0.00000000099999999988 0.99999999499999991937 0.00000000099999999988 0.00000000099999999988 
0.00000000099999999996 0.06845869831930959104 0.00000000099999999996 0.00000000099999999996 0.93154129768069027229 0.00000000099999999996 
0.00000000099999999976 0.00000000099999999976 0.99999999499999991937 0.00000000099999999976 0.00000000099999999976 0.00000000099999999976 
0.00000000099999999996 0.00000000099999999996 0.00000000099999999996 0.00000000099999999996 0.99999999499999991937 0.00000000099999999996 
0.00000000100000000000 0.28413048446941391312 0.00000075877168886529 0.23790759111556394889 0.46886722647882012049 0.00909393816451301365 
0.00000000099999999984 0.00000000099999999984 0.00000000099999999984 0.99999999499999991937 0.00000000099999999984 0.00000000099999999984 
0.21888727060344551067 0.14960470164815903305 0.03287215708891524923 0.10426142960298021012 0.49437444005649983092 0.00000000099999999998 
0.00000000099999999999 0.00000000099999999999 0.00000000099999999999 0.07789907115008759542 0.05485781885809621478 0.86724310699181628159 
0.00000000099999999995 0.00000000099999999995 0.00000000099999999995 0.00000000099999999995 0.99999999500000003039 0.00000000099999999995 
0.00000000099999999998 0.00000000099999999998 0.00000000099999999998 0.00000000099999999998 0.99999999499999991937 0.00000000099999999998 
0.00000000099999999998 0.20170315008449410388 0.00000000099999999998 0.00000000099999999998 0.00000000099999999998 0.79829684591550587047 
0.00000000099999999988 0.99999999500000014141 0.00000000099999999988 0.00000000099999999988 0.00000000099999999988 0.00000000099999999988 
0.00000000099999999994 0.00000000099999999994 0.00000000099999999994 0.00000000099999999994 0.99999999499999991937 0.00000000099999999994 
0.30077082287860695820 0.00000000099999999999 0.50298454905912470814 0.19624462506226839076 0.00000000099999999999 0.00000000099999999999 
0.05707111474757984443 0.34933824779400801663 0.00000000100000000000 0.13014831984246522101 0.45242868672645131234 0.01101362988949541356 
0.99999999500000014141 0.00000000099999999986 0.00000000099999999986 0.00000000099999999986 0.00000000099999999986 0.00000000099999999986 
0.00000000099999999987 0.00000000099999999987 0.00000000099999999987 0.00000000099999999987 0.00000000099999999987 0.99999999500000003039 
0.00000000099999999993 0.00000000099999999993 0.00000000099999999993 0.00000000099999999993 0.99999999499999991937 0.00000000099999999993 
0.00024548031850500553 0.11751295689675370082 0.00326915011520705328 0.19950008987929221393 0.01402327448396840405 0.66544904830627371606 
0.07109926586474502042 0.00000000099999999997 0.00000000099999999997 0.00000000099999999997 0.92890073013525498169 0.00000000099999999997 
0.00000000099999999988 0.99999999500000003039 0.00000000099999999988 0.00000000099999999988 0.00000000099999999988 0.00000000099999999988 
0.00000000099999999976 0.00000000099999999976 0.00000000099999999976 0.00000000099999999976 0.00000000099999999976 0.99999999500000003039 
0.00000000099999999988 0.99999999500000014141 0.00000000099999999988 0.00000000099999999988 0.00000000099999999988 0.00000000099999999988 
0.00000000099999999998 0.00000000099999999998 0.00000000099999999998 0.17191099621891778315 0.00000000099999999998 0.82808899978108230222 
0.00000000099999999976 0.00000000099999999976 0.99999999499999991937 0.00000000099999999976 0.00000000099999999976 0.00000000099999999976 
0.21684012347242814789 0.00000000099999999991 0.00000000099999999991 0.00000000099999999991 0.00000000099999999991 0.78315987252757179871 
0.00000000099999999993 0.00000000099999999993 0.00000000099999999993 0.00000000099999999993 0.99999999499999991937 0.00000000099999999993 
0.00000000099999999989 0.00000000099999999989 0.00000000099999999989 0.99999999500000003039 0.00000000099999999989 0.00000000099999999989 
0.99999999500000014141 0.00000000099999999992 0.00000000099999999992 0.00000000099999999992 0.00000000099999999992 0.00000000099999999992 
0.00000000099999999973 0.00000000099999999973 0.00000000099999999973 0.00000000099999999973 0.00000000099999999973 0.99999999500000003039 
0.00000000099999999998 0.00000000099999999998 0.00000000099999999998 0.00000000099999999998 0.99999999499999991937 0.00000000099999999998 
0.00000000100000000000 0.04977445976365788005 0.00000000100000000000 0.00000001427410316405 0.94286130322900518763 0.00736422073323369803 
0.00000000099999999988 0.00000000099999999988 0.00000000099999999988 0.00000000099999999988 0.00000000099999999988 0.99999999499999991937 
0.99999999500000014141 0.00000000099999999981 0.00000000099999999981 0.00000000099999999981 0.00000000099999999981 0.00000000099999999981 
0.00000000099999999999 0.00000000099999999999 0.00003986053851072117 0.29202720406667936892 0.00007448745600922400 0.70785844593880065112 
0.00000000099999999988 0.99999999500000003039 0.00000000099999999988 0.00000000099999999988 0.00000000099999999988 0.00000000099999999988 
0.00000000099999999997 0.99999999500000003039 0.00000000099999999997 0.00000000099999999997 0.00000000099999999997 0.00000000099999999997 
0.00000000103515564208 0.00000000099999999997 0.00000000099999999997 0.03481744176374704930 0.00000000099999999997 0.96518255420109733134 
0.66724080293228471561 0.01865313646278437751 0.11059903044434511721 0.00000340404849114101 0.20350362511209466043 0.00000000099999999999 
0.00000000099999999999 0.33947776986564875967 0.00000000099999999999 0.28898435185420134896 0.32501171050535915263 0.04652616577479069121 
0.00000000099999999999 0.00000000099999999999 0.00000000129575903496 0.14347261147366485723 0.00203634757527186702 0.85449103765530420862 
0.00000000099999999985 0.00000000099999999985 0.00000000099999999985 0.99999999500000003039 0.00000000099999999985 0.00000000099999999985 
