0.00000000099999999991 0.00000000099999999991 0.99999999800000005656 
0.96848619598446905599 0.03151380301553086127 0.00000000099999999998 
0.00000000099999999995 0.99999999800000005656 0.00000000099999999995 
0.93591619031818307217 0.06408380868181684509 0.00000000100000000000 
0.00048061561706675473 0.99951938338293322417 0.00000000099999999998 
0.82942965209869179422 0.13658116457049096493 0.03398918333081719922 
0.00483541641502177860 0.99516458258497808576 0.00000000099999999999 
0.59199305587905892700 0.19043138776958418168 0.21757555635135700234 
0.00000000436736639752 0.99999999463263367083 0.00000000099999999998 
0.00000000099999999997 0.99999999799999994554 0.00000000099999999997 
0.00000002939369850932 0.99999996960630144205 0.00000000099999999999 
0.10281776630240149761 0.05722293799625244315 0.83995929570134597597 
0.00000000099999999998 0.00000000099999999998 0.99999999799999994554 
0.00000000099999999996 0.99999999800000005656 0.00000000099999999996 
0.99938078991485945757 0.00061920908514062417 0.00000000099999999999 
0.96264166931984895825 0.02137919735746190292 0.01597913332268918046 
0.99999999799999994554 0.00000000099999999999 0.00000000099999999999 
0.99999999799999994554 0.00000000099999999997 0.00000000099999999997 
0.00000000099999999991 0.00000000099999999991 0.99999999799999994554 
0.99999999800000005656 0.00000000099999999998 0.00000000099999999998 
0.00000000099999999988 0.00000000099999999988 0.99999999799999994554 
0.00000000099999999995 0.99999999799999994554 0.00000000099999999995 
0.99999999799999994554 0.00000000099999999996 0.00000000099999999996 
0.00000000099999999995 0.00000000099999999995 0.99999999800000005656 
0.00022623859935814794 0.99977376040064180884 0.00000000099999999998 
0.85030279767656546941 0.07303914526452054412 0.07665805705891400035 
0.99999999799999994554 0.00000000099999999998 0.00000000099999999998 
0.00000000099999999997 0.99999999800000005656 0.00000000099999999997 
0.00000000099999999990 0.00000000099999999990 0.99999999800000005656 
0.54375863020517245516 0.45624136879482751761 0.00000000099999999999 
0.57091678048631433473 0.42908321851368558253 0.00000000099999999999 
0.15936705676496742967 0.00000000099999999999 0.84063294223503259861 
0.00000000099999999995 0.99999999799999994554 0.00000000099999999995 
0.00000000099999999993 0.00000000099999999993 0.99999999799999994554 
0.99999999799999994554 0.00000000099999999996 0.00000000099999999996 
0.00000000099999999991 0.00000000099999999991 0.99999999799999994554 
0.47486707991420956665 0.52513291908579029510 0.00000000099999999999 
0.00000000099999999994 0.99999999799999994554 0.00000000099999999994 
0.88280689925011857078 0.09858019359743058763 0.01861290715245079649 
0.00000000099999999994 0.99999999799999994554 0.00000000099999999994 
0.00000000099999999996 0.99999999800000005656 0.00000000099999999996 
0.88868291957930423131 0.08615457107085806865 0.02516250934983775209 
0.98178043749841925614 0.01821956150158083459 0.00000000099999999997 
0.19445559554682392833 0.77510413899364982715 0.03044026545952616472 
0.95258751629680349371 0.04741248270319631253 0.00000000100000000000 
0.99999999799999994554 0.00000000099999999998 0.00000000099999999998 
0.99999999800000005656 0.00000000099999999998 0.00000000099999999998 
0.00000000099999999989 0.00000000099999999989 0.99999999800000005656 
0.00000000099999999991 0.00000000099999999991 0.99999999800000005656 
0.99999999799999994554 0.00000000099999999998 0.00000000099999999998 
0.97014502469232599680 0.02985497430767393087 0.00000000099999999999 
0.00000000099999999994 0.00000000099999999994 0.99999999799999994554 
0.00000000099999999992 0.00000000099999999992 0.99999999799999994554 
0.00000000099999999996 0.99999999800000005656 0.00000000099999999996 
0.99999999799999994554 0.00000000099999999998 0.00000000099999999998 
0.99999926119149840087 0.00000073780850163213 0.00000000099999999999 
0.00016042590571662619 0.99983957309428328486 0.00000000099999999997 
0.87098035298686182770 0.10608834579003133258 0.02293130122310688482 
0.00000000099999999997 0.99999999800000005656 0.00000000099999999997 
0.50413401719910422294 0.48056336428328383370 0.01530261851761210469 
0.99999999800000005656 0.00000000099999999998 0.00000000099999999998 
0.49985016317470298830 0.50014983582529692896 0.00000000099999999998 
0.05120021745178435224 0.07271541107536640125 0.87608437147284923263 
0.00000000099999999997 0.99999999799999994554 0.00000000099999999997 
0.00000000099999999999 0.99999989180477277806 0.00000010719522717766 
0.18724430038935463427 0.01141954258009031560 0.80133615703055505186 
0.99999999800000005656 0.00000000099999999997 0.00000000099999999997 
0.00000000099999999996 0.99999999799999994554 0.00000000099999999996 
0.88746895476779574796 0.07253362745607554174 0.03999741777612877275 
0.50821623759745360172 0.47528679356298642045 0.01649696883955996743 
0.99999999800000005656 0.00000000099999999996 0.00000000099999999996 
0.00000000099999999994 0.00000000099999999994 0.99999999799999994554 
0.00000000099999999996 0.99999999799999994554 0.00000000099999999996 
0.30188341140670710283 0.02893175370308161479 0.66918483489021118871 
0.00322419792200521853 0.99677580107799479414 0.00000000099999999999 
0.99999998275941104353 0.00000001624058887844 0.00000000099999999997 
0.00000000099999999990 0.00000000099999999990 0.99999999800000005656 
0.96456331583879106883 0.03543668316120893863 0.00000000099999999997 
0.16483962833119417124 0.00131139641104825668 0.83384897525775758531 
0.91767143719107402422 0.08119998885024862223 0.00112857395867743356 
0.19778133458877811268 0.00000000099999999999 0.80221866441122191560 
0.00000000099999999995 0.99999999799999994554 0.00000000099999999995 
0.99999999478440493306 0.00000000421559500112 0.00000000099999999998 
0.99999999799999994554 0.00000000099999999999 0.00000000099999999999 
0.00000000099999999989 0.00000000099999999989 0.99999999799999994554 
0.00000000099999999999 0.99999999799999994554 0.00000000099999999999 
0.00807030109723059531 0.97925763438058810451 0.01267206452218133834 
0.00000000099999999995 0.00000000099999999995 0.99999999799999994554 
0.99999999799999994554 0.00000000099999999995 0.00000000099999999995 
0.26323294972883404252 0.03069240041342774158 0.70607464985773826793 
0.99911944210636383090 0.00088055689363622156 0.00000000099999999998 
0.89559695892877588808 0.10440304007122414021 0.00000000099999999999 
0.01364645456609121094 0.00000000099999999999 0.98635354443390876877 
0.80966258880583874546 0.19033741019416117179 0.00000000099999999999 
0.60065344634602846341 0.34586953381789797835 0.05347701983607350967 
0.11261630229354414878 0.02888759028832499354 0.85849610741813098258 
0.99994822695337048923 0.00005177204662952917 0.00000000099999999998 
