0.99999999699999997382 0.00000000099999999987 0.00000000099999999987 0.00000000099999999987 
0.00000000099999999997 0.00332133468681940170 0.00000000099999999997 0.99667866331318066830 
0.00000000099999999994 0.99999999699999997382 0.00000000099999999994 0.00000000099999999994 
0.00000000099999999995 0.00000000099999999995 0.99999999699999986280 0.00000000099999999995 
0.00000000099999999998 0.99531920062323808729 0.00000607582407677953 0.00467472255268520410 
0.00000000099999999999 0.00000021164639652824 0.96174217037240816719 0.03825761698119534149 
0.00000000099999999998 0.97160867919400184523 0.00000000099999999998 0.02839131880599814195 
0.21225585796423124263 0.18981064596994429161 0.37640862704884647805 0.22152486901697798771 
0.00000000099999999998 0.99999996558751458320 0.00000000099999999998 0.00000003241248538668 
0.00000000099999999996 0.99999999699999997382 0.00000000099999999996 0.00000000099999999996 
0.00000000099999999999 0.99999998108741083858 0.00000000099999999999 0.00000001691258932433 
0.84004427417349736285 0.05711685179156533732 0.00000143120202696857 0.10283744283291033905 
0.99999999700000008485 0.00000000099999999998 0.00000000099999999998 0.00000000099999999998 
0.00000000099999999995 0.99999999700000008485 0.00000000099999999995 0.00000000099999999995 
0.00000000099999999999 0.00000010138843823521 0.00000013549595231792 0.99999976211560948069 
0.00000000099999999986 0.00000000099999999986 0.99999999699999986280 0.00000000099999999986 
0.00000000099999999998 0.00000000099999999998 0.00000000099999999998 0.99999999699999997382 
0.00000000099999999997 0.00000000099999999997 0.00000032681857576436 0.99999967118142429889 
0.99999999699999997382 0.00000000099999999986 0.00000000099999999986 0.00000000099999999986 
0.00000000099999999997 0.00000000099999999997 0.00000000099999999997 0.99999999700000008485 
0.99999999699999997382 0.00000000099999999982 0.00000000099999999982 0.00000000099999999982 
0.00000000099999999993 0.99999999700000008485 0.00000000099999999993 0.00000000099999999993 
0.00000000099999999996 0.00000000099999999996 0.00000000099999999996 0.99999999700000008485 
0.99999999699999997382 0.00000000099999999993 0.00000000099999999993 0.00000000099999999993 
0.00000000099999999997 0.98371820216556027372 0.00000000099999999997 0.01628179583443965101 
0.00000000099999999994 0.00000000099999999994 0.99999999699999986280 0.00000000099999999994 
0.00000000099999999997 0.00000000099999999997 0.00000000099999999997 0.99999999699999997382 
0.00000000099999999996 0.99999999699999997382 0.00000000099999999996 0.00000000099999999996 
0.99999999699999997382 0.00000000099999999985 0.00000000099999999985 0.00000000099999999985 
0.00000000099999999999 0.45144486473557732253 0.00000000099999999999 0.54855513326442251199 
0.00000000099999999998 0.42527709083597875495 0.00000000099999999998 0.57472290716402130162 
0.84170072880864232889 0.00000000099999999999 0.00000000278240926951 0.15829926740894839643 
0.00000000099999999994 0.99999999700000008485 0.00000000099999999994 0.00000000099999999994 
0.99999999699999997382 0.00000000099999999990 0.00000000099999999990 0.00000000099999999990 
0.00000000099999999996 0.00000000099999999996 0.00000000099999999996 0.99999999699999997382 
0.99999999699999997382 0.00000000099999999987 0.00000000099999999987 0.00000000099999999987 
0.00000000099999999999 0.52369939246445151859 0.00000009894863026874 0.47630050758691816482 
0.00000000099999999992 0.99999999700000008485 0.00000000099999999992 0.00000000099999999992 
0.00000000099999999997 0.00000000099999999997 0.99999999699999997382 0.00000000099999999997 
0.00000000099999999993 0.99999999700000008485 0.00000000099999999993 0.00000000099999999993 
0.00000000099999999996 0.99999999699999997382 0.00000000099999999996 0.00000000099999999996 
0.00000000099999999986 0.00000000099999999986 0.99999999699999986280 0.00000000099999999986 
0.00000000099999999996 0.00006275914051504236 0.00000000099999999996 0.99993723885948504471 
0.00000000099999999997 0.64374630036512026088 0.35625369763487974017 0.00000000099999999997 
0.00000000100000000000 0.04777545385742380107 0.03111578896531954491 0.92110875617725662678 
0.00000000099999999998 0.00000000099999999998 0.01461325380256971000 0.98538674419743033095 
0.00000000099999999998 0.00000000099999999998 0.00000006654977498864 0.99999993145022492147 
0.99999999700000008485 0.00000000099999999985 0.00000000099999999985 0.00000000099999999985 
0.99999999699999997382 0.00000000099999999987 0.00000000099999999987 0.00000000099999999987 
0.00000000099999999998 0.00000000099999999998 0.00000000540684833495 0.99999999259315164313 
0.00000000099999999999 0.00722875563943890017 0.00000039573850962688 0.99277084762205136670 
0.99999999699999997382 0.00000000099999999992 0.00000000099999999992 0.00000000099999999992 
0.99999999700000008485 0.00000000099999999989 0.00000000099999999989 0.00000000099999999989 
0.00000000099999999996 0.99999999229965363945 0.00000000099999999996 0.00000000570034648638 
0.00000000099999999998 0.00000000099999999998 0.00000000099999999998 0.99999999699999997382 
0.00000000099999999999 0.00000000099999999999 0.00000005147815366019 0.99999994652184631683 
0.00000000099999999997 0.99945414068924887108 0.00002389697443560028 0.00052196133631560052 
0.00000000099999999984 0.00000000099999999984 0.99999999699999986280 0.00000000099999999984 
0.00000000099999999997 0.99999997818352848178 0.00000001981647156995 0.00000000099999999997 
0.01543846041219923935 0.48043857417114627095 0.00150106443601828060 0.50262190098063630472 
0.00000000099999999997 0.00000000099999999997 0.00000000099999999997 0.99999999699999997382 
0.00000000099999999998 0.50036414822694186277 0.02936500544361001636 0.47027084532944829487 
0.87463462823171522764 0.06882787447237760647 0.00000000100000000000 0.05653749629590715947 
0.00000000099999999997 0.99999999700000008485 0.00000000099999999997 0.00000000099999999997 
0.00000000783064825810 0.99999999016935181562 0.00000000099999999999 0.00000000099999999999 
0.79919633704746850800 0.00258279914635542018 0.00000000099999999999 0.19822086280617609577 
0.00000000099999999997 0.00000000099999999997 0.00000014433026128942 0.99999985366973875855 
0.00000000099999999995 0.99999999700000008485 0.00000000099999999995 0.00000000099999999995 
0.00000000101845504470 0.00000020477034098613 0.48844013709096761877 0.51155965712023632186 
0.01584780734957430201 0.46658362077303705551 0.00000000366808304921 0.51756856820930552399 
0.00000000099999999997 0.00000000099999999997 0.00027885442767506548 0.99972114357232499948 
0.99999999700000008485 0.00000000099999999991 0.00000000099999999991 0.00000000099999999991 
0.00000000099999999995 0.99999999699999997382 0.00000000099999999995 0.00000000099999999995 
0.66945042114917086007 0.02793729833887061142 0.01935369319902286236 0.28325858731293551696 
0.00000000099999999998 0.98891654432574127576 0.00000000099999999998 0.01108345367425873917 
0.00000000099999999996 0.00000000099999999996 0.00000001369108652275 0.99999998430891356982 
0.99999999700000008485 0.00000000099999999985 0.00000000099999999985 0.00000000099999999985 
0.00000000099999999996 0.00954085077821446338 0.00000000099999999996 0.99045914722178551859 
0.83336787125368516627 0.00246066075676067532 0.00000207872835529504 0.16416938926119883924 
0.00000000099999999984 0.00000000099999999984 0.99999999699999986280 0.00000000099999999984 
0.80182469074572415568 0.00000000099999999998 0.00000000099999999998 0.19817530725427590088 
0.00000000099999999995 0.99999999699999997382 0.00000000099999999995 0.00000000099999999995 
0.00000000099999999997 0.00000000099999999997 0.00000000099999999997 0.99999999699999997382 
0.00000000099999999999 0.00000000099999999999 0.04029500219656710625 0.95970499580343293644 
0.99999999700000008485 0.00000000099999999984 0.00000000099999999984 0.00000000099999999984 
0.00000000099999999998 0.99999999699999997382 0.00000000099999999998 0.00000000099999999998 
0.01015444286256507282 0.97681221509548377124 0.00000002942590013622 0.01303331261605106955 
0.99999999699999997382 0.00000000099999999993 0.00000000099999999993 0.00000000099999999993 
0.00000000099999999994 0.00000000099999999994 0.00000000099999999994 0.99999999700000008485 
0.70841144423787194562 0.03123797684032202440 0.01702036813446341709 0.24333021078734257125 
0.00000000099999999997 0.00000001500805657404 0.00000000099999999997 0.99999998299194348128 
0.00000000099999999999 0.09541758464790563166 0.04761757814254007071 0.85696483620955432592 
0.97826988446394502752 0.00000000099999999998 0.00000000099999999998 0.02173011353605508109 
0.00000000099999999999 0.18655650378505231335 0.10919881757296516500 0.70424467764198261932 
0.05359372131889861279 0.34264837933203323717 0.00000000100000000000 0.60375789834906812281 
0.85855242923156416257 0.02869525329953661816 0.01180719601833380566 0.10094512145056550034 
0.00000000099999999996 0.00000000099999999996 0.00000000099999999996 0.99999999700000008485 
