0.000000	0.303874	0.319948	0.308561	0.316813	0.295631	0.318960	0.305862	0.318941	0.319516	0.326391	0.245470	0.229609	0.316656	0.310747	0.302498	0.303551	0.298064	0.231280	0.306789	0.223948	0.313831	0.304181	0.233571	0.318675	0.310851	0.305954	0.323886	0.232626	0.311825	0.312608	0.248236	0.313951	0.225823	0.304825	0.230441	0.316412	0.324813	0.303980	0.322152	0.314361	0.307371	0.304161	0.312412	0.301932	0.303847	0.302550	0.229900	0.224496	0.301860	0.311782	0.230473	0.233474	0.324249	0.310863	0.308222	0.323306	0.300608	0.321417	0.323542	0.303870	0.306537	0.236980	0.319370	0.323892	0.247385	0.305517	0.319272	0.304394	0.305750	0.304514	0.225101	0.328263	0.263651	0.319484	0.302261	0.224960	0.311486	0.248622	0.304507	0.236245	0.321123	0.303493	0.305431	0.221267	0.309463	0.323148	0.227840	0.303561	0.251303	0.302507	0.308946	0.224661	0.309906	0.309107	0.241803	0.309964	
0.303874	0.000000	0.271261	0.267555	0.266408	0.248861	0.272355	0.284279	0.271756	0.273866	0.276169	0.303615	0.303099	0.271892	0.255576	0.278635	0.251564	0.249545	0.306140	0.258089	0.307328	0.273516	0.251770	0.311382	0.273615	0.271246	0.259832	0.276472	0.306330	0.262165	0.262735	0.296232	0.268676	0.309005	0.253661	0.313979	0.269906	0.276632	0.268156	0.271697	0.270026	0.276879	0.258654	0.279307	0.254182	0.261308	0.265612	0.311498	0.309601	0.247045	0.257944	0.310931	0.310903	0.273269	0.262110	0.265386	0.268009	0.277629	0.272311	0.278064	0.257654	0.265110	0.308865	0.272473	0.280795	0.290585	0.254852	0.274069	0.270624	0.260729	0.255310	0.305260	0.271707	0.286486	0.274261	0.256224	0.312859	0.255682	0.295770	0.273041	0.303510	0.266070	0.255185	0.257949	0.308307	0.276537	0.275239	0.306524	0.252027	0.297355	0.254060	0.264602	0.307390	0.270574	0.272148	0.300548	0.259047	
0.319948	0.271261	0.000000	0.275600	0.246098	0.282332	0.247086	0.277011	0.249208	0.248863	0.255838	0.311654	0.315839	0.246776	0.267990	0.277368	0.274585	0.268062	0.323473	0.275256	0.318775	0.246597	0.267404	0.319690	0.248254	0.275635	0.276528	0.251478	0.319359	0.260601	0.257460	0.317043	0.250940	0.321148	0.273153	0.319726	0.259768	0.250565	0.269978	0.250044	0.243442	0.273292	0.272640	0.257070	0.265527	0.273546	0.271078	0.321454	0.318138	0.263782	0.280827	0.325114	0.323275	0.248201	0.277241	0.273023	0.248450	0.274400	0.249154	0.277721	0.270083	0.254885	0.312544	0.245745	0.255152	0.314166	0.269910	0.247945	0.277013	0.261973	0.268498	0.324248	0.249014	0.302493	0.249155	0.272569	0.320992	0.267536	0.314121	0.270992	0.316222	0.244293	0.276887	0.271381	0.324912	0.256417	0.249124	0.319157	0.278023	0.307509	0.264864	0.266530	0.317903	0.265779	0.243785	0.316338	0.275774	
0.308561	0.267555	0.275600	0.000000	0.272540	0.246301	0.275848	0.281884	0.266065	0.273272	0.268684	0.311383	0.296648	0.271170	0.265044	0.235851	0.256939	0.263939	0.297943	0.280574	0.303232	0.265012	0.267615	0.305964	0.269789	0.233822	0.262789	0.282788	0.311156	0.273580	0.271423	0.298697	0.272712	0.309654	0.272128	0.310061	0.280504	0.275132	0.238484	0.273909	0.269773	0.237177	0.271251	0.266522	0.257478	0.266389	0.274309	0.311826	0.306269	0.265664	0.270260	0.309793	0.311855	0.277293	0.271913	0.274267	0.270086	0.240878	0.274535	0.277718	0.272727	0.273517	0.299616	0.270214	0.284862	0.301539	0.271228	0.267896	0.256710	0.273644	0.261172	0.307088	0.274075	0.279705	0.271067	0.272278	0.305481	0.272877	0.294674	0.238648	0.299818	0.273786	0.269384	0.272872	0.317012	0.271347	0.274171	0.301504	0.273774	0.291063	0.274910	0.273103	0.303590	0.271558	0.277278	0.300269	0.273493	
0.316813	0.266408	0.246098	0.272540	0.000000	0.264502	0.257218	0.298540	0.253074	0.250372	0.250629	0.310000	0.306059	0.251375	0.267211	0.273992	0.263202	0.266734	0.316447	0.277186	0.315058	0.242005	0.266865	0.316187	0.257952	0.271371	0.271598	0.248382	0.313998	0.264749	0.259294	0.308466	0.249325	0.323930	0.272072	0.315426	0.265122	0.251342	0.265887	0.251311	0.240480	0.270479	0.267347	0.262021	0.263612	0.270722	0.273687	0.321023	0.314409	0.264957	0.272935	0.318335	0.318423	0.254050	0.266716	0.270903	0.252418	0.279729	0.251862	0.273617	0.269715	0.254626	0.313809	0.252015	0.261963	0.302243	0.271347	0.249695	0.272765	0.259881	0.274294	0.319726	0.250909	0.297984	0.250260	0.277167	0.314197	0.272601	0.301283	0.268768	0.312390	0.245411	0.269090	0.266796	0.323310	0.252556	0.246078	0.316286	0.273448	0.305496	0.271779	0.269225	0.314892	0.264198	0.260489	0.313287	0.271983	
0.295631	0.248861	0.282332	0.246301	0.264502	0.000000	0.272043	0.252438	0.269484	0.269121	0.273089	0.296471	0.306988	0.275078	0.272288	0.236679	0.255121	0.248128	0.300285	0.262642	0.301571	0.275340	0.250970	0.306481	0.269066	0.246677	0.265145	0.282085	0.299844	0.259307	0.261041	0.291645	0.276265	0.307015	0.268337	0.297816	0.270481	0.269001	0.234416	0.272417	0.262393	0.252753	0.267012	0.264966	0.253736	0.258747	0.270541	0.304348	0.299631	0.256211	0.268084	0.304926	0.305411	0.273151	0.258889	0.266912	0.265747	0.247159	0.275102	0.269273	0.260634	0.260221	0.291405	0.274905	0.275784	0.291336	0.258223	0.264729	0.257835	0.265269	0.266459	0.294902	0.261538	0.291588	0.269572	0.257400	0.301363	0.269291	0.293504	0.233949	0.301111	0.274602	0.259405	0.265621	0.309243	0.260632	0.274021	0.284831	0.264335	0.281075	0.268249	0.252802	0.297810	0.269966	0.272421	0.298362	0.273205	
0.318960	0.272355	0.247086	0.275848	0.257218	0.272043	0.000000	0.289195	0.256345	0.247136	0.251713	0.309111	0.307673	0.251523	0.263217	0.283385	0.269641	0.271651	0.318443	0.281987	0.320685	0.248354	0.266545	0.320559	0.258814	0.277758	0.271632	0.251481	0.323086	0.264321	0.266236	0.307149	0.251431	0.318032	0.271890	0.315734	0.265133	0.248147	0.279750	0.253814	0.250543	0.280581	0.267086	0.262340	0.275746	0.267701	0.271018	0.321023	0.307382	0.269649	0.280086	0.320955	0.318156	0.251382	0.273646	0.276509	0.253371	0.278908	0.240236	0.278120	0.274670	0.264023	0.315881	0.250270	0.254107	0.308254	0.265632	0.251008	0.280155	0.263266	0.271152	0.309026	0.254422	0.310789	0.250638	0.272531	0.317396	0.269657	0.312521	0.282843	0.319314	0.250286	0.268508	0.272762	0.332337	0.252026	0.247531	0.315928	0.278579	0.305204	0.267644	0.273541	0.317368	0.267914	0.279340	0.310088	0.274483	
0.305862	0.284279	0.277011	0.281884	0.298540	0.252438	0.289195	0.000000	0.283197	0.280294	0.294535	0.318068	0.303870	0.271615	0.288306	0.282114	0.284784	0.280517	0.305964	0.294758	0.290033	0.294287	0.281770	0.302857	0.283091	0.282803	0.283371	0.301986	0.304953	0.299065	0.298343	0.298808	0.295176	0.301241	0.303593	0.295082	0.290902	0.285193	0.276423	0.289171	0.267982	0.280316	0.285598	0.306878	0.298901	0.299423	0.277347	0.320617	0.306623	0.288980	0.297088	0.299145	0.294094	0.280802	0.247619	0.289728	0.284021	0.260993	0.284597	0.293963	0.286292	0.286174	0.292237	0.288420	0.294092	0.299668	0.280081	0.293514	0.289369	0.288039	0.295889	0.302277	0.287510	0.304674	0.288374	0.302054	0.306711	0.292289	0.278776	0.287811	0.298691	0.288517	0.301376	0.285144	0.305849	0.285266	0.285625	0.307304	0.280532	0.298649	0.281112	0.298290	0.301533	0.297217	0.285494	0.304403	0.282636	
0.318941	0.271756	0.249208	0.266065	0.253074	0.269484	0.256345	0.283197	0.000000	0.255486	0.255431	0.314456	0.315490	0.244992	0.265117	0.276981	0.269057	0.267744	0.316267	0.268415	0.316455	0.246677	0.264952	0.320080	0.253009	0.271657	0.273638	0.250441	0.322339	0.263314	0.261365	0.314560	0.248927	0.323066	0.277958	0.317020	0.254957	0.251720	0.267279	0.252605	0.246241	0.276028	0.269622	0.258258	0.278785	0.273783	0.276097	0.319608	0.316353	0.262892	0.276189	0.324238	0.322415	0.257744	0.273450	0.272191	0.248833	0.273372	0.249944	0.267020	0.267857	0.257629	0.317303	0.251074	0.256405	0.303734	0.268865	0.250425	0.276537	0.261896	0.267312	0.315839	0.249299	0.304461	0.252258	0.276137	0.319473	0.269531	0.307009	0.272088	0.310087	0.248013	0.276714	0.271105	0.320206	0.244249	0.256731	0.315174	0.268882	0.308254	0.270536	0.266768	0.317728	0.269042	0.273124	0.315484	0.270140	
0.319516	0.273866	0.248863	0.273272	0.250372	0.269121	0.247136	0.280294	0.255486	0.000000	0.259431	0.313687	0.313400	0.246336	0.270673	0.269660	0.271864	0.270465	0.316703	0.277202	0.314331	0.247099	0.261936	0.314973	0.249125	0.273546	0.273278	0.248585	0.322250	0.252438	0.263546	0.305816	0.246848	0.316559	0.276648	0.314973	0.269109	0.246843	0.270242	0.251917	0.249803	0.271459	0.266084	0.260345	0.277650	0.269102	0.273762	0.320847	0.314520	0.267425	0.274842	0.322020	0.320887	0.254684	0.269685	0.269940	0.250088	0.277423	0.251724	0.269105	0.275946	0.255935	0.313853	0.251298	0.251699	0.305235	0.267516	0.246080	0.267811	0.263798	0.273528	0.322581	0.255093	0.301421	0.250623	0.270221	0.317093	0.276800	0.309666	0.276911	0.312927	0.246273	0.273799	0.272683	0.327418	0.247399	0.260101	0.316583	0.270118	0.310684	0.268322	0.277226	0.316448	0.266022	0.275135	0.314337	0.273348	
0.326391	0.276169	0.255838	0.268684	0.250629	0.273089	0.251713	0.294535	0.255431	0.259431	0.000000	0.308084	0.324891	0.259830	0.268266	0.279699	0.274065	0.280707	0.316517	0.271874	0.329426	0.256928	0.265184	0.328304	0.255556	0.278719	0.280598	0.267172	0.331978	0.260721	0.262254	0.313453	0.247535	0.328648	0.275134	0.323507	0.269081	0.253469	0.262975	0.219180	0.254782	0.273017	0.264188	0.260377	0.276995	0.271549	0.276592	0.324730	0.322395	0.272971	0.274917	0.330610	0.332282	0.250616	0.272092	0.276624	0.251457	0.282511	0.247343	0.276884	0.272132	0.257160	0.320012	0.252338	0.258663	0.310345	0.274738	0.255053	0.272120	0.261403	0.274071	0.324883	0.246372	0.310591	0.254822	0.281376	0.330561	0.270569	0.315600	0.281550	0.319640	0.253225	0.275715	0.270590	0.342659	0.253325	0.251659	0.324468	0.275141	0.308876	0.275205	0.281499	0.320100	0.265385	0.278109	0.320617	0.271946	
0.245470	0.303615	0.311654	0.311383	0.310000	0.296471	0.309111	0.318068	0.314456	0.313687	0.308084	0.000000	0.241086	0.315403	0.295943	0.306936	0.298748	0.299645	0.238409	0.297642	0.235567	0.307831	0.306721	0.253123	0.316185	0.297403	0.308977	0.320356	0.248127	0.303419	0.309761	0.245182	0.307007	0.244269	0.304965	0.248203	0.307720	0.316417	0.300980	0.314143	0.310666	0.297453	0.306184	0.316649	0.303760	0.294202	0.308415	0.248487	0.242924	0.299006	0.304494	0.249642	0.248530	0.311137	0.297020	0.293072	0.314051	0.303743	0.305721	0.318115	0.295862	0.298975	0.245038	0.309225	0.322696	0.228571	0.303606	0.312072	0.297583	0.308913	0.299059	0.254031	0.315808	0.256470	0.312251	0.304417	0.247360	0.304201	0.238764	0.305136	0.246307	0.301596	0.294392	0.299941	0.246610	0.308723	0.308367	0.239772	0.298391	0.251025	0.294086	0.307845	0.245224	0.301978	0.294752	0.249050	0.307140	
0.229609	0.303099	0.315839	0.296648	0.306059	0.306988	0.307673	0.303870	0.315490	0.313400	0.324891	0.241086	0.000000	0.310463	0.298886	0.300095	0.298034	0.297554	0.228485	0.307301	0.228480	0.305441	0.299821	0.234141	0.317462	0.303994	0.300000	0.314434	0.234782	0.305686	0.307031	0.248811	0.315276	0.231988	0.304094	0.236802	0.311090	0.319849	0.295174	0.317805	0.303717	0.301789	0.305626	0.309665	0.297560	0.296339	0.309043	0.229092	0.224445	0.299820	0.307519	0.233520	0.232266	0.318746	0.307725	0.306308	0.313631	0.301832	0.313710	0.315700	0.298259	0.300478	0.242544	0.311212	0.325013	0.244760	0.299510	0.314912	0.305265	0.308187	0.298492	0.231274	0.321120	0.263189	0.313097	0.299059	0.231331	0.302876	0.244591	0.296353	0.236412	0.310682	0.296320	0.299926	0.231046	0.305957	0.312265	0.229788	0.297721	0.257704	0.297528	0.310249	0.228160	0.307846	0.304916	0.248146	0.305012	
0.316656	0.271892	0.246776	0.271170	0.251375	0.275078	0.251523	0.271615	0.244992	0.246336	0.259830	0.315403	0.310463	0.000000	0.265813	0.275977	0.268076	0.265917	0.315683	0.275155	0.317127	0.242850	0.259969	0.318409	0.250878	0.273769	0.267383	0.250590	0.315433	0.258183	0.258290	0.311038	0.245591	0.313779	0.267364	0.316461	0.260915	0.247993	0.268339	0.249978	0.242371	0.270557	0.265036	0.258933	0.269435	0.273397	0.269793	0.318381	0.314689	0.265129	0.271841	0.318680	0.317866	0.252318	0.262952	0.265431	0.240832	0.274831	0.246286	0.278946	0.271166	0.251587	0.315230	0.244294	0.256348	0.303089	0.266049	0.244024	0.275495	0.255297	0.269143	0.318009	0.248217	0.305144	0.250447	0.271389	0.320876	0.269956	0.305275	0.273718	0.318349	0.248550	0.272411	0.266060	0.321941	0.248869	0.248527	0.311990	0.274133	0.309954	0.264565	0.265778	0.315445	0.268419	0.264472	0.309215	0.272259	
0.310747	0.255576	0.267990	0.265044	0.267211	0.272288	0.263217	0.288306	0.265117	0.270673	0.268266	0.295943	0.298886	0.265813	0.000000	0.278594	0.250111	0.245431	0.306252	0.258552	0.296045	0.275079	0.257149	0.300486	0.272017	0.268601	0.249262	0.273481	0.306218	0.263071	0.260843	0.300897	0.271928	0.305878	0.255021	0.306299	0.262468	0.272114	0.268559	0.269644	0.272414	0.270807	0.254578	0.277176	0.254479	0.265400	0.253282	0.307966	0.303230	0.244302	0.254982	0.307099	0.305497	0.273609	0.257382	0.259079	0.269137	0.267768	0.266943	0.270709	0.259243	0.258922	0.298998	0.275600	0.268396	0.287533	0.247621	0.270624	0.269656	0.260773	0.253451	0.303353	0.273518	0.283815	0.271070	0.260793	0.297851	0.256045	0.287966	0.268024	0.302550	0.266007	0.250184	0.253739	0.309875	0.271671	0.274677	0.303923	0.250385	0.288770	0.255535	0.248249	0.299527	0.253243	0.263305	0.297682	0.250927	
0.302498	0.278635	0.277368	0.235851	0.273992	0.236679	0.283385	0.282114	0.276981	0.269660	0.279699	0.306936	0.300095	0.275977	0.278594	0.000000	0.268136	0.269325	0.305453	0.271949	0.305731	0.273155	0.268796	0.304406	0.281267	0.247701	0.268836	0.279472	0.305419	0.280901	0.274813	0.302029	0.278467	0.305451	0.274828	0.311155	0.277739	0.283129	0.240598	0.284779	0.275917	0.236121	0.273356	0.267591	0.271892	0.270721	0.271398	0.307024	0.304928	0.271484	0.276066	0.305558	0.308909	0.285700	0.276111	0.271818	0.281110	0.234338	0.280922	0.271706	0.271990	0.272783	0.300669	0.283668	0.283249	0.298814	0.271575	0.281725	0.257891	0.278089	0.268905	0.300886	0.276178	0.297055	0.280705	0.276692	0.305278	0.271774	0.296699	0.234943	0.307382	0.272471	0.272863	0.269987	0.315215	0.277785	0.274248	0.304304	0.272783	0.298180	0.268785	0.271122	0.306857	0.264427	0.280102	0.301289	0.279293	
0.303551	0.251564	0.274585	0.256939	0.263202	0.255121	0.269641	0.284784	0.269057	0.271864	0.274065	0.298748	0.298034	0.268076	0.250111	0.268136	0.000000	0.244658	0.297889	0.254255	0.299771	0.270162	0.243659	0.296899	0.274358	0.258935	0.244179	0.274690	0.303545	0.260672	0.261942	0.292929	0.272791	0.302498	0.249193	0.302109	0.264060	0.268783	0.261326	0.270878	0.263505	0.261552	0.252342	0.278996	0.246989	0.252015	0.258317	0.306761	0.295394	0.248137	0.259252	0.302484	0.303171	0.269286	0.248973	0.254526	0.262344	0.265696	0.262823	0.265877	0.249564	0.258821	0.294916	0.271349	0.275959	0.287596	0.250328	0.278607	0.261250	0.256309	0.255657	0.294498	0.274026	0.295958	0.265717	0.249019	0.302077	0.250589	0.286605	0.259363	0.292709	0.265094	0.251265	0.252589	0.312060	0.268967	0.259103	0.291729	0.248935	0.286225	0.249282	0.259936	0.298630	0.256504	0.260985	0.295550	0.250422	
0.298064	0.249545	0.268062	0.263939	0.266734	0.248128	0.271651	0.280517	0.267744	0.270465	0.280707	0.299645	0.297554	0.265917	0.245431	0.269325	0.244658	0.000000	0.298041	0.253956	0.299704	0.266766	0.248896	0.302682	0.270112	0.265091	0.257677	0.271484	0.299320	0.263226	0.259840	0.293162	0.264504	0.303374	0.248834	0.299814	0.261729	0.270752	0.258668	0.277457	0.266696	0.269170	0.250975	0.274764	0.252571	0.254188	0.252502	0.298523	0.294539	0.243665	0.254488	0.305203	0.308596	0.268774	0.260455	0.255165	0.266927	0.267361	0.267074	0.275192	0.248381	0.261374	0.294763	0.266765	0.275041	0.289820	0.246797	0.269390	0.263013	0.262217	0.242561	0.297719	0.277331	0.295060	0.269796	0.248210	0.298329	0.253629	0.294444	0.269315	0.295810	0.262814	0.250689	0.249782	0.308799	0.273507	0.274277	0.301934	0.250194	0.295629	0.252328	0.258368	0.302826	0.258465	0.259684	0.298519	0.251869	
0.231280	0.306140	0.323473	0.297943	0.316447	0.300285	0.318443	0.305964	0.316267	0.316703	0.316517	0.238409	0.228485	0.315683	0.306252	0.305453	0.297889	0.298041	0.000000	0.304829	0.226418	0.310293	0.305301	0.229756	0.319483	0.299582	0.306912	0.318503	0.224274	0.314166	0.315468	0.248368	0.320232	0.227039	0.304231	0.239274	0.313739	0.321204	0.293651	0.327001	0.314090	0.298995	0.306791	0.313271	0.299457	0.308904	0.306415	0.223105	0.224739	0.300499	0.302234	0.224958	0.236791	0.319373	0.307754	0.302055	0.314691	0.302484	0.320098	0.315930	0.305120	0.305558	0.236613	0.313800	0.323446	0.239527	0.302896	0.320870	0.303566	0.310888	0.305030	0.222428	0.321206	0.263270	0.317411	0.304741	0.234121	0.308309	0.245105	0.304836	0.239220	0.314901	0.306623	0.303397	0.230027	0.310549	0.317849	0.224304	0.300980	0.260152	0.302528	0.309266	0.228978	0.319094	0.309426	0.244464	0.312284	
0.306789	0.258089	0.275256	0.280574	0.277186	0.262642	0.281987	0.294758	0.268415	0.277202	0.271874	0.297642	0.307301	0.275155	0.258552	0.271949	0.254255	0.253956	0.304829	0.000000	0.304950	0.269410	0.258109	0.304652	0.271202	0.273801	0.255302	0.274216	0.308766	0.268968	0.270689	0.294495	0.272656	0.307327	0.256348	0.309606	0.269251	0.276459	0.275779	0.273501	0.273282	0.269414	0.258574	0.275735	0.262981	0.260942	0.262050	0.312554	0.302625	0.249870	0.260173	0.311432	0.306908	0.280856	0.261405	0.262585	0.278561	0.274898	0.274270	0.270572	0.256049	0.267149	0.300478	0.282013	0.279660	0.294100	0.255592	0.275018	0.274519	0.266806	0.260979	0.306678	0.277055	0.296489	0.273566	0.263108	0.307059	0.256144	0.301670	0.268932	0.299713	0.276362	0.254084	0.258362	0.313602	0.272752	0.271570	0.306865	0.255706	0.297489	0.250582	0.260580	0.299863	0.262119	0.274566	0.307897	0.260736	
0.223948	0.307328	0.318775	0.303232	0.315058	0.301571	0.320685	0.290033	0.316455	0.314331	0.329426	0.235567	0.228480	0.317127	0.296045	0.305731	0.299771	0.299704	0.226418	0.304950	0.000000	0.311474	0.301763	0.231809	0.316368	0.297240	0.297576	0.321942	0.228029	0.311156	0.316600	0.243627	0.318134	0.223861	0.304265	0.225996	0.311667	0.323419	0.290997	0.323506	0.311973	0.302410	0.303804	0.309022	0.294701	0.299070	0.300782	0.227300	0.224728	0.297255	0.302600	0.223365	0.222951	0.322461	0.302645	0.299812	0.314834	0.302439	0.313184	0.317921	0.300044	0.301552	0.233976	0.316351	0.318460	0.244666	0.301396	0.320475	0.299483	0.305648	0.297585	0.226860	0.319297	0.259022	0.316302	0.302226	0.224877	0.303147	0.240108	0.300517	0.233797	0.315586	0.303367	0.299238	0.222991	0.312956	0.314945	0.226991	0.297424	0.255392	0.298688	0.317298	0.224911	0.313848	0.305639	0.239501	0.306725	
0.313831	0.273516	0.246597	0.265012	0.242005	0.275340	0.248354	0.294287	0.246677	0.247099	0.256928	0.307831	0.305441	0.242850	0.275079	0.273155	0.270162	0.266766	0.310293	0.269410	0.311474	0.000000	0.258478	0.317346	0.248492	0.269227	0.270693	0.251035	0.308471	0.254797	0.257405	0.307534	0.247102	0.316079	0.272967	0.313704	0.259309	0.243917	0.275191	0.251181	0.243617	0.268665	0.268890	0.258409	0.270125	0.265569	0.275665	0.314997	0.307308	0.265853	0.270661	0.312478	0.318649	0.252911	0.281748	0.271339	0.246460	0.273572	0.248073	0.270160	0.269038	0.254929	0.309530	0.252084	0.253293	0.296513	0.270008	0.244602	0.270417	0.257879	0.266967	0.311689	0.252751	0.298554	0.244569	0.272383	0.319340	0.272984	0.301355	0.272848	0.307890	0.246564	0.275662	0.263766	0.321390	0.246558	0.251807	0.311700	0.271140	0.302515	0.267071	0.255889	0.308837	0.268008	0.271199	0.309862	0.273061	
0.304181	0.251770	0.267404	0.267615	0.266865	0.250970	0.266545	0.281770	0.264952	0.261936	0.265184	0.306721	0.299821	0.259969	0.257149	0.268796	0.243659	0.248896	0.305301	0.258109	0.301763	0.258478	0.000000	0.300781	0.262979	0.259876	0.254421	0.272569	0.305179	0.257210	0.253061	0.291839	0.264385	0.302892	0.249329	0.304340	0.260547	0.266609	0.264200	0.266520	0.260589	0.259364	0.249283	0.269146	0.249400	0.250836	0.248571	0.307612	0.300649	0.245168	0.249046	0.303115	0.302626	0.266598	0.248408	0.250295	0.261643	0.265477	0.266836	0.260711	0.245151	0.254079	0.304498	0.267941	0.269540	0.289404	0.243638	0.265636	0.260190	0.252459	0.244032	0.302041	0.264660	0.289631	0.268746	0.250519	0.302834	0.251431	0.291630	0.257704	0.301762	0.264050	0.243907	0.250729	0.313479	0.270776	0.266947	0.300140	0.249784	0.288362	0.247730	0.256451	0.302526	0.244754	0.260098	0.290848	0.250353	
0.233571	0.311382	0.319690	0.305964	0.316187	0.306481	0.320559	0.302857	0.320080	0.314973	0.328304	0.253123	0.234141	0.318409	0.300486	0.304406	0.296899	0.302682	0.229756	0.304652	0.231809	0.317346	0.300781	0.000000	0.318510	0.300913	0.309651	0.320362	0.229016	0.309184	0.322039	0.250650	0.316869	0.227183	0.312478	0.237329	0.314194	0.316653	0.310309	0.322737	0.315418	0.302910	0.310173	0.315950	0.307069	0.307575	0.305431	0.235931	0.236567	0.295446	0.298206	0.229113	0.230202	0.322482	0.309002	0.302820	0.318332	0.310489	0.317510	0.322381	0.299637	0.304926	0.240619	0.318092	0.314936	0.251268	0.301029	0.314816	0.309403	0.313400	0.300621	0.233112	0.323895	0.257956	0.312443	0.303725	0.233708	0.308946	0.253775	0.305050	0.241637	0.314276	0.301807	0.304619	0.235236	0.316189	0.312856	0.229602	0.300265	0.260478	0.295806	0.310927	0.225860	0.318986	0.301921	0.246261	0.308809	
0.318675	0.273615	0.248254	0.269789	0.257952	0.269066	0.258814	0.283091	0.253009	0.249125	0.255556	0.316185	0.317462	0.250878	0.272017	0.281267	0.274358	0.270112	0.319483	0.271202	0.316368	0.248492	0.262979	0.318510	0.000000	0.276747	0.278748	0.256119	0.318829	0.260264	0.261943	0.310290	0.257836	0.324663	0.276146	0.320143	0.267257	0.253533	0.269231	0.254318	0.251430	0.274622	0.272920	0.260093	0.272036	0.273116	0.276343	0.322456	0.315155	0.272476	0.279108	0.322694	0.322378	0.259003	0.275438	0.271786	0.255182	0.284255	0.255054	0.275869	0.275916	0.264199	0.318544	0.252875	0.260958	0.309066	0.270347	0.249441	0.278188	0.264146	0.272251	0.321296	0.258059	0.308669	0.258113	0.270354	0.325255	0.268698	0.307792	0.275554	0.313756	0.248501	0.273721	0.275978	0.327843	0.258314	0.252770	0.322816	0.274288	0.307090	0.274108	0.271663	0.313364	0.273402	0.282245	0.312207	0.274636	
0.310851	0.271246	0.275635	0.233822	0.271371	0.246677	0.277758	0.282803	0.271657	0.273546	0.278719	0.297403	0.303994	0.273769	0.268601	0.247701	0.258935	0.265091	0.299582	0.273801	0.297240	0.269227	0.259876	0.300913	0.276747	0.000000	0.263536	0.279199	0.298502	0.273440	0.266742	0.290244	0.273437	0.293909	0.267828	0.308453	0.276086	0.275566	0.246050	0.277212	0.280260	0.238010	0.267877	0.269392	0.266944	0.268108	0.273223	0.308498	0.300793	0.262831	0.265762	0.301355	0.296785	0.277211	0.272853	0.273481	0.273124	0.241076	0.272788	0.277707	0.270412	0.264303	0.301132	0.280733	0.280777	0.294118	0.266852	0.275827	0.251531	0.270775	0.263673	0.300421	0.269664	0.289299	0.275875	0.271864	0.300252	0.275951	0.290891	0.237994	0.300343	0.272753	0.266214	0.267916	0.308286	0.273977	0.276433	0.299271	0.269552	0.293146	0.268409	0.263509	0.299641	0.267773	0.280248	0.296947	0.275068	
0.305954	0.259832	0.276528	0.262789	0.271598	0.265145	0.271632	0.283371	0.273638	0.273278	0.280598	0.308977	0.300000	0.267383	0.249262	0.268836	0.244179	0.257677	0.306912	0.255302	0.297576	0.270693	0.254421	0.309651	0.278748	0.263536	0.000000	0.276100	0.308304	0.265344	0.261881	0.291508	0.272827	0.302176	0.256580	0.304212	0.263408	0.269071	0.272967	0.274993	0.269999	0.269095	0.252967	0.282448	0.254066	0.257266	0.257086	0.305955	0.296082	0.245027	0.251885	0.305982	0.306508	0.274162	0.251996	0.258714	0.272340	0.266845	0.266386	0.273175	0.255443	0.261638	0.302377	0.278677	0.278172	0.294968	0.252867	0.273764	0.265717	0.256552	0.260492	0.301962	0.278093	0.295541	0.272297	0.254827	0.304604	0.265318	0.289709	0.273378	0.300277	0.267263	0.249171	0.253512	0.317386	0.270571	0.271163	0.301767	0.256615	0.290809	0.257430	0.252987	0.304671	0.261390	0.267469	0.301584	0.252556	
0.323886	0.276472	0.251478	0.282788	0.248382	0.282085	0.251481	0.301986	0.250441	0.248585	0.267172	0.320356	0.314434	0.250590	0.273481	0.279472	0.274690	0.271484	0.318503	0.274216	0.321942	0.251035	0.272569	0.320362	0.256119	0.279199	0.276100	0.000000	0.321117	0.264278	0.266275	0.310709	0.253158	0.321222	0.274261	0.321131	0.263085	0.252230	0.274147	0.254274	0.250675	0.271908	0.277594	0.269106	0.276453	0.274446	0.272642	0.321211	0.321185	0.266267	0.279494	0.323694	0.318839	0.257014	0.278032	0.270854	0.258985	0.279270	0.254187	0.262348	0.276912	0.256567	0.317633	0.251520	0.254465	0.305637	0.275243	0.252113	0.278068	0.270017	0.271829	0.320285	0.253752	0.308198	0.255404	0.275147	0.325039	0.277975	0.316920	0.276349	0.317283	0.250262	0.274771	0.278623	0.327802	0.254846	0.256876	0.322742	0.272672	0.317602	0.269546	0.282356	0.320939	0.275567	0.267425	0.314415	0.281594	
0.232626	0.306330	0.319359	0.311156	0.313998	0.299844	0.323086	0.304953	0.322339	0.322250	0.331978	0.248127	0.234782	0.315433	0.306218	0.305419	0.303545	0.299320	0.224274	0.308766	0.228029	0.308471	0.305179	0.229016	0.318829	0.298502	0.308304	0.321117	0.000000	0.314281	0.315340	0.244794	0.324794	0.228986	0.301619	0.234326	0.314963	0.323211	0.296713	0.319608	0.317619	0.302993	0.304926	0.310135	0.304479	0.301249	0.311432	0.228571	0.226586	0.297891	0.305533	0.229523	0.228024	0.322034	0.311171	0.302650	0.319453	0.307322	0.315370	0.321670	0.299034	0.304944	0.231467	0.316577	0.316440	0.240680	0.303152	0.319993	0.305065	0.310689	0.304591	0.230247	0.324042	0.269798	0.314406	0.309787	0.227277	0.309912	0.249497	0.308327	0.236200	0.318825	0.307272	0.301045	0.225055	0.314856	0.309778	0.231878	0.298551	0.255107	0.303520	0.303545	0.232117	0.318477	0.304558	0.240868	0.306014	
0.311825	0.262165	0.260601	0.273580	0.264749	0.259307	0.264321	0.299065	0.263314	0.252438	0.260721	0.303419	0.305686	0.258183	0.263071	0.280901	0.260672	0.263226	0.314166	0.268968	0.311156	0.254797	0.257210	0.309184	0.260264	0.273440	0.265344	0.264278	0.314281	0.000000	0.254138	0.303325	0.267450	0.313640	0.259806	0.316633	0.262736	0.261923	0.264938	0.257561	0.253939	0.269965	0.262378	0.266655	0.264614	0.267369	0.256367	0.312310	0.312396	0.255059	0.265673	0.315591	0.313893	0.264727	0.260960	0.266399	0.259089	0.271465	0.260920	0.275583	0.266736	0.255486	0.307345	0.259924	0.271937	0.299554	0.262588	0.261662	0.269884	0.260288	0.261890	0.309097	0.262194	0.303927	0.262417	0.263194	0.315011	0.260493	0.305539	0.270138	0.305077	0.258675	0.262971	0.265480	0.321619	0.257307	0.267114	0.306664	0.260787	0.303635	0.262400	0.262502	0.313013	0.270293	0.270943	0.304846	0.260208	
0.312608	0.262735	0.257460	0.271423	0.259294	0.261041	0.266236	0.298343	0.261365	0.263546	0.262254	0.309761	0.307031	0.258290	0.260843	0.274813	0.261942	0.259840	0.315468	0.270689	0.316600	0.257405	0.253061	0.322039	0.261943	0.266742	0.261881	0.266275	0.315340	0.254138	0.000000	0.304131	0.258843	0.312461	0.254374	0.311527	0.269607	0.257363	0.272794	0.265209	0.262934	0.270170	0.263290	0.266602	0.265190	0.261649	0.267053	0.320139	0.308381	0.257662	0.267427	0.321088	0.320294	0.264088	0.253685	0.263837	0.263947	0.272059	0.260397	0.271172	0.259163	0.259781	0.315343	0.262386	0.261553	0.302645	0.254117	0.269787	0.274025	0.262726	0.257250	0.314398	0.262239	0.302420	0.269455	0.260163	0.314461	0.262691	0.303118	0.268278	0.305881	0.261914	0.262930	0.254815	0.324209	0.265988	0.260326	0.315454	0.260836	0.304587	0.260611	0.267581	0.311533	0.264062	0.268455	0.306850	0.263553	
0.248236	0.296232	0.317043	0.298697	0.308466	0.291645	0.307149	0.298808	0.314560	0.305816	0.313453	0.245182	0.248811	0.311038	0.300897	0.302029	0.292929	0.293162	0.248368	0.294495	0.243627	0.307534	0.291839	0.250650	0.310290	0.290244	0.291508	0.310709	0.244794	0.303325	0.304131	0.000000	0.310732	0.246754	0.297018	0.251030	0.304844	0.310208	0.295352	0.316136	0.307352	0.291454	0.298219	0.299698	0.296107	0.296058	0.296254	0.247142	0.239256	0.289478	0.299760	0.244992	0.251323	0.316408	0.298638	0.297063	0.304198	0.298908	0.312440	0.316766	0.295542	0.298060	0.247043	0.314756	0.315691	0.240924	0.294769	0.311550	0.299600	0.299197	0.296782	0.246379	0.316820	0.257770	0.307575	0.293757	0.249978	0.292391	0.241334	0.297878	0.253043	0.307004	0.297214	0.293295	0.251591	0.313742	0.312119	0.246617	0.292286	0.248729	0.295457	0.302493	0.246493	0.314855	0.294589	0.231859	0.301555	
0.313951	0.268676	0.250940	0.272712	0.249325	0.276265	0.251431	0.295176	0.248927	0.246848	0.247535	0.307007	0.315276	0.245591	0.271928	0.278467	0.272791	0.264504	0.320232	0.272656	0.318134	0.247102	0.264385	0.316869	0.257836	0.273437	0.272827	0.253158	0.324794	0.267450	0.258843	0.310732	0.000000	0.322363	0.266545	0.317145	0.259577	0.248300	0.270428	0.249537	0.248970	0.274327	0.267506	0.260107	0.275845	0.270466	0.273765	0.327991	0.316744	0.268602	0.278923	0.324162	0.323019	0.249846	0.274755	0.274533	0.251599	0.279308	0.244195	0.272042	0.269499	0.262255	0.319272	0.249676	0.259500	0.304250	0.268482	0.246390	0.275300	0.257881	0.268127	0.323646	0.251559	0.303766	0.247773	0.275709	0.321221	0.274534	0.306905	0.276594	0.317887	0.248903	0.266534	0.272931	0.331282	0.245458	0.243827	0.320808	0.272089	0.312091	0.265092	0.272727	0.317681	0.257241	0.272409	0.312963	0.273058	
0.225823	0.309005	0.321148	0.309654	0.323930	0.307015	0.318032	0.301241	0.323066	0.316559	0.328648	0.244269	0.231988	0.313779	0.305878	0.305451	0.302498	0.303374	0.227039	0.307327	0.223861	0.316079	0.302892	0.227183	0.324663	0.293909	0.302176	0.321222	0.228986	0.313640	0.312461	0.246754	0.322363	0.000000	0.307163	0.228630	0.314513	0.324065	0.296222	0.324842	0.314723	0.301214	0.308590	0.312300	0.308481	0.306601	0.307784	0.228518	0.225007	0.304762	0.287191	0.230834	0.232963	0.319833	0.306660	0.294813	0.321295	0.303364	0.319950	0.314744	0.303191	0.304972	0.234807	0.318595	0.314857	0.242743	0.304157	0.321672	0.302879	0.308633	0.301853	0.226630	0.318545	0.260251	0.319520	0.308293	0.228590	0.300736	0.251144	0.303113	0.238602	0.315354	0.309051	0.299520	0.229861	0.319109	0.317863	0.227380	0.305718	0.252279	0.299954	0.311678	0.228312	0.315289	0.308772	0.247377	0.303908	
0.304825	0.253661	0.273153	0.272128	0.272072	0.268337	0.271890	0.303593	0.277958	0.276648	0.275134	0.304965	0.304094	0.267364	0.255021	0.274828	0.249193	0.248834	0.304231	0.256348	0.304265	0.272967	0.249329	0.312478	0.276146	0.267828	0.256580	0.274261	0.301619	0.259806	0.254374	0.297018	0.266545	0.307163	0.000000	0.311317	0.265709	0.272751	0.263077	0.272425	0.262535	0.269404	0.255530	0.279279	0.260610	0.257725	0.253530	0.305963	0.298951	0.249414	0.258773	0.302932	0.303304	0.272560	0.254318	0.258175	0.271494	0.272246	0.266751	0.268041	0.254790	0.261520	0.304509	0.275665	0.277596	0.297935	0.252164	0.272863	0.264993	0.264706	0.245025	0.306194	0.281405	0.279900	0.273653	0.252631	0.305492	0.250929	0.293162	0.263841	0.296978	0.271073	0.253762	0.251016	0.314854	0.280752	0.272892	0.299552	0.252580	0.293032	0.250345	0.259774	0.305667	0.247704	0.268596	0.299681	0.257552	
0.230441	0.313979	0.319726	0.310061	0.315426	0.297816	0.315734	0.295082	0.317020	0.314973	0.323507	0.248203	0.236802	0.316461	0.306299	0.311155	0.302109	0.299814	0.239274	0.309606	0.225996	0.313704	0.304340	0.237329	0.320143	0.308453	0.304212	0.321131	0.234326	0.316633	0.311527	0.251030	0.317145	0.228630	0.311317	0.000000	0.315090	0.322486	0.294354	0.323379	0.319126	0.307088	0.312122	0.310669	0.306817	0.307803	0.311098	0.230694	0.230344	0.302861	0.305129	0.233771	0.225872	0.321769	0.310513	0.303917	0.323359	0.307891	0.325805	0.318502	0.307209	0.305463	0.240517	0.321593	0.317724	0.246894	0.303928	0.318710	0.307039	0.308868	0.304721	0.233875	0.325176	0.266170	0.318809	0.305489	0.229657	0.313585	0.248200	0.304247	0.241067	0.318571	0.312072	0.300268	0.233099	0.322531	0.314171	0.232468	0.300485	0.257768	0.304908	0.321328	0.234900	0.306434	0.307692	0.251111	0.308642	
0.316412	0.269906	0.259768	0.280504	0.265122	0.270481	0.265133	0.290902	0.254957	0.269109	0.269081	0.307720	0.311090	0.260915	0.262468	0.277739	0.264060	0.261729	0.313739	0.269251	0.311667	0.259309	0.260547	0.314194	0.267257	0.276086	0.263408	0.263085	0.314963	0.262736	0.269607	0.304844	0.259577	0.314513	0.265709	0.315090	0.000000	0.259479	0.279310	0.262174	0.258418	0.277402	0.267110	0.270773	0.275638	0.270237	0.271204	0.319117	0.312984	0.266358	0.279012	0.317725	0.319298	0.257367	0.275030	0.267160	0.264503	0.273538	0.258208	0.277304	0.268662	0.257762	0.310422	0.268874	0.272515	0.295926	0.257977	0.255468	0.274242	0.268001	0.262451	0.315999	0.263112	0.290718	0.262017	0.264151	0.312940	0.265423	0.297960	0.274873	0.305719	0.263906	0.268808	0.265113	0.322878	0.266630	0.262346	0.310573	0.261601	0.299554	0.259726	0.271251	0.310215	0.265692	0.270251	0.303163	0.268522	
0.324813	0.276632	0.250565	0.275132	0.251342	0.269001	0.248147	0.285193	0.251720	0.246843	0.253469	0.316417	0.319849	0.247993	0.272114	0.283129	0.268783	0.270752	0.321204	0.276459	0.323419	0.243917	0.266609	0.316653	0.253533	0.275566	0.269071	0.252230	0.323211	0.261923	0.257363	0.310208	0.248300	0.324065	0.272751	0.322486	0.259479	0.000000	0.270715	0.253398	0.251657	0.274031	0.268545	0.260447	0.268506	0.270689	0.277736	0.323291	0.318588	0.261497	0.278110	0.326287	0.318225	0.248516	0.270790	0.272343	0.245736	0.278957	0.256003	0.262248	0.269957	0.255776	0.314124	0.249631	0.247682	0.308248	0.273753	0.250859	0.279341	0.265526	0.272144	0.320612	0.252028	0.305679	0.253127	0.271729	0.319134	0.271057	0.308382	0.273695	0.315070	0.249826	0.274845	0.275578	0.327362	0.252768	0.249407	0.316110	0.270016	0.307395	0.273348	0.272305	0.318157	0.270056	0.276152	0.310412	0.271653	
0.303980	0.268156	0.269978	0.238484	0.265887	0.234416	0.279750	0.276423	0.267279	0.270242	0.262975	0.300980	0.295174	0.268339	0.268559	0.240598	0.261326	0.258668	0.293651	0.275779	0.290997	0.275191	0.264200	0.310309	0.269231	0.246050	0.272967	0.274147	0.296713	0.264938	0.272794	0.295352	0.270428	0.296222	0.263077	0.294354	0.279310	0.270715	0.000000	0.282714	0.278488	0.229648	0.260532	0.253033	0.255631	0.271386	0.275186	0.297260	0.290066	0.261124	0.267050	0.299585	0.298052	0.270144	0.256037	0.257869	0.273621	0.245792	0.270162	0.269915	0.266233	0.261026	0.301296	0.267651	0.275033	0.289342	0.269501	0.269083	0.256615	0.267526	0.257893	0.302083	0.268057	0.298436	0.274873	0.272805	0.307039	0.265064	0.290034	0.232914	0.300637	0.265274	0.266992	0.271016	0.308811	0.278853	0.273763	0.298734	0.267635	0.300875	0.256801	0.254545	0.300321	0.270130	0.267259	0.302966	0.270717	
0.322152	0.271697	0.250044	0.273909	0.251311	0.272417	0.253814	0.289171	0.252605	0.251917	0.219180	0.314143	0.317805	0.249978	0.269644	0.284779	0.270878	0.277457	0.327001	0.273501	0.323506	0.251181	0.266520	0.322737	0.254318	0.277212	0.274993	0.254274	0.319608	0.257561	0.265209	0.316136	0.249537	0.324842	0.272425	0.323379	0.262174	0.253398	0.282714	0.000000	0.247620	0.279022	0.276912	0.266678	0.275482	0.269388	0.274806	0.331190	0.323430	0.267741	0.278021	0.326998	0.322538	0.256723	0.275862	0.280326	0.250440	0.279944	0.247584	0.268014	0.267701	0.258936	0.319939	0.254001	0.250782	0.308694	0.271545	0.252519	0.275917	0.259282	0.274842	0.324911	0.253247	0.301322	0.251233	0.275919	0.319666	0.278250	0.314500	0.280466	0.317131	0.247395	0.275030	0.276489	0.328231	0.248150	0.248064	0.320372	0.272973	0.314624	0.272068	0.270028	0.322098	0.268641	0.275021	0.324302	0.270720	
0.314361	0.270026	0.243442	0.269773	0.240480	0.262393	0.250543	0.267982	0.246241	0.249803	0.254782	0.310666	0.303717	0.242371	0.272414	0.275917	0.263505	0.266696	0.314090	0.273282	0.311973	0.243617	0.260589	0.315418	0.251430	0.280260	0.269999	0.250675	0.317619	0.253939	0.262934	0.307352	0.248970	0.314723	0.262535	0.319126	0.258418	0.251657	0.278488	0.247620	0.000000	0.275260	0.264120	0.258838	0.261816	0.265599	0.269985	0.314448	0.312820	0.264323	0.274290	0.319181	0.319561	0.251822	0.272328	0.269851	0.249518	0.271447	0.245086	0.267995	0.265970	0.253858	0.314095	0.241558	0.251167	0.300459	0.269227	0.248072	0.271941	0.250306	0.267423	0.314314	0.249407	0.301689	0.245850	0.265512	0.311381	0.266643	0.305144	0.273110	0.309728	0.246113	0.263053	0.269099	0.321542	0.246959	0.243827	0.311929	0.267425	0.308828	0.263711	0.265351	0.313149	0.255704	0.272815	0.308524	0.268624	
0.307371	0.276879	0.273292	0.237177	0.270479	0.252753	0.280581	0.280316	0.276028	0.271459	0.273017	0.297453	0.301789	0.270557	0.270807	0.236121	0.261552	0.269170	0.298995	0.269414	0.302410	0.268665	0.259364	0.302910	0.274622	0.238010	0.269095	0.271908	0.302993	0.269965	0.270170	0.291454	0.274327	0.301214	0.269404	0.307088	0.277402	0.274031	0.229648	0.279022	0.275260	0.000000	0.265000	0.261903	0.269320	0.268126	0.268367	0.304139	0.301484	0.265176	0.274701	0.305145	0.304661	0.280638	0.265726	0.270094	0.272388	0.235805	0.272092	0.278489	0.266720	0.262824	0.299475	0.270039	0.283996	0.301435	0.262221	0.275738	0.254805	0.268821	0.265339	0.303416	0.276713	0.291241	0.274134	0.274100	0.301779	0.272414	0.299023	0.236739	0.306632	0.272816	0.268957	0.269303	0.312405	0.273635	0.277596	0.302534	0.267172	0.293457	0.266984	0.264073	0.301445	0.264916	0.279804	0.292071	0.272032	
0.304161	0.258654	0.272640	0.271251	0.267347	0.267012	0.267086	0.285598	0.269622	0.266084	0.264188	0.306184	0.305626	0.265036	0.254578	0.273356	0.252342	0.250975	0.306791	0.258574	0.303804	0.268890	0.249283	0.310173	0.272920	0.267877	0.252967	0.277594	0.304926	0.262378	0.263290	0.298219	0.267506	0.308590	0.255530	0.312122	0.267110	0.268545	0.260532	0.276912	0.264120	0.265000	0.000000	0.275923	0.255104	0.257735	0.254228	0.303874	0.302352	0.251720	0.259034	0.307003	0.306718	0.270326	0.250549	0.260236	0.269311	0.269922	0.268837	0.272635	0.258344	0.259720	0.302435	0.276098	0.275397	0.294638	0.257818	0.271473	0.266119	0.258520	0.257078	0.305739	0.275475	0.294300	0.268434	0.250759	0.304527	0.254817	0.298238	0.263899	0.302007	0.269433	0.257476	0.251216	0.308568	0.264445	0.271834	0.306645	0.253804	0.293209	0.250584	0.255375	0.301502	0.259624	0.267282	0.304197	0.257572	
0.312412	0.279307	0.257070	0.266522	0.262021	0.264966	0.262340	0.306878	0.258258	0.260345	0.260377	0.316649	0.309665	0.258933	0.277176	0.267591	0.278996	0.274764	0.313271	0.275735	0.309022	0.258409	0.269146	0.315950	0.260093	0.269392	0.282448	0.269106	0.310135	0.266655	0.266602	0.299698	0.260107	0.312300	0.279279	0.310669	0.270773	0.260447	0.253033	0.266678	0.258838	0.261903	0.275923	0.000000	0.281553	0.279922	0.282926	0.317850	0.311841	0.274191	0.282091	0.311785	0.315502	0.264387	0.271403	0.278731	0.262121	0.268376	0.262827	0.282314	0.276577	0.266835	0.305073	0.259983	0.265183	0.301775	0.271874	0.263754	0.270877	0.266368	0.270057	0.313738	0.264241	0.301913	0.267067	0.281269	0.314731	0.276512	0.306142	0.266984	0.311514	0.263720	0.278796	0.276627	0.320936	0.267421	0.267794	0.315789	0.270397	0.301960	0.276769	0.272207	0.310078	0.285436	0.282213	0.307084	0.277144	
0.301932	0.254182	0.265527	0.257478	0.263612	0.253736	0.275746	0.298901	0.278785	0.277650	0.276995	0.303760	0.297560	0.269435	0.254479	0.271892	0.246989	0.252571	0.299457	0.262981	0.294701	0.270125	0.249400	0.307069	0.272036	0.266944	0.254066	0.276453	0.304479	0.264614	0.265190	0.296107	0.275845	0.308481	0.260610	0.306817	0.275638	0.268506	0.255631	0.275482	0.261816	0.269320	0.255104	0.281553	0.000000	0.255016	0.257436	0.306403	0.296040	0.249850	0.266143	0.307422	0.309946	0.280716	0.256532	0.259234	0.268098	0.267524	0.268986	0.270689	0.254308	0.262725	0.299107	0.278295	0.280580	0.285559	0.255426	0.269319	0.259930	0.265336	0.256269	0.300778	0.276709	0.287384	0.273526	0.258928	0.303804	0.253479	0.297144	0.267013	0.297888	0.269249	0.252905	0.251504	0.313052	0.267305	0.270395	0.294164	0.255215	0.289349	0.248388	0.263117	0.303491	0.265544	0.264021	0.297105	0.267484	
